2022-07-18 12:53:31.894303	1658116411.894446	35.923902	139.911335	16.11673380524674	-10.213557021654822	
2022-07-18 12:53:31.894303	1658116411.894446	35.923902	139.911335	16.11673380524674	-10.213557021654822	
2022-07-18 12:53:33.270080	1658116413.2702627	35.923902	139.911333	16.107128799675248	-59.53224890739847	
2022-07-18 12:53:33.270080	1658116413.2702627	35.923902	139.911333	16.107128799675248	-59.53224890739847	
2022-07-18 12:53:34.645900	1658116414.6460419	35.9239	139.911333	16.328795577901918	-52.82910789681506	
2022-07-18 12:53:34.645900	1658116414.6460419	35.9239	139.911333	16.328795577901918	-52.82910789681506	
2022-07-18 12:53:36.026615	1658116416.0267577	35.923902	139.911333	16.107128799675248	-57.83485106465287	
2022-07-18 12:53:36.026615	1658116416.0267577	35.923902	139.911333	16.107128799675248	-57.83485106465287	
2022-07-18 12:53:37.398289	1658116417.3984659	35.923938	139.911317	12.11330364589373	-55.35049827233781	
2022-07-18 12:53:37.398289	1658116417.3984659	35.923938	139.911317	12.11330364589373	-55.35049827233781	
2022-07-18 12:53:39.775119	1658116419.775264	35.923952	139.911317	10.562681102154476	-97.92739579682471	
2022-07-18 12:53:39.775119	1658116419.775264	35.923952	139.911317	10.562681102154476	-97.92739579682471	
2022-07-18 12:53:41.150706	1658116421.1508489	35.923973	139.911322	8.213961204461416	-63.45699341645502	
2022-07-18 12:53:41.150706	1658116421.1508489	35.923973	139.911322	8.213961204461416	-63.45699341645502	
2022-07-18 12:53:43.594073	1658116423.5942147	35.92398	139.911323	7.435391178968704	-62.74179190946471	
2022-07-18 12:53:43.594073	1658116423.5942147	35.92398	139.911323	7.435391178968704	-62.74179190946471	
2022-07-18 12:53:44.964007	1658116424.9641984	35.92398	139.91132	7.445243584199879	-90.23953709711307	
2022-07-18 12:53:44.964007	1658116424.9641984	35.92398	139.91132	7.445243584199879	-90.23953709711307	
2022-07-18 12:53:46.346128	1658116426.3462703	35.923978	139.911318	7.67851508019162	-85.01536107217994	
2022-07-18 12:53:46.346128	1658116426.3462703	35.923978	139.911318	7.67851508019162	-85.01536107217994	
2022-07-18 12:53:48.715733	1658116428.715919	35.923977	139.911317	7.7964693617629095	-124.7497840546235	
2022-07-18 12:53:48.715733	1658116428.715919	35.923977	139.911317	7.7964693617629095	-124.7497840546235	
2022-07-18 12:53:50.095941	1658116430.0960848	35.923977	139.911317	7.7964693617629095	-160.1059416913155	
2022-07-18 12:53:50.095941	1658116430.0960848	35.923977	139.911317	7.7964693617629095	-160.1059416913155	
2022-07-18 12:53:51.454318	1658116431.4544597	35.923977	139.911317	7.7964693617629095	-157.8264786688164	
2022-07-18 12:53:51.454318	1658116431.4544597	35.923977	139.911317	7.7964693617629095	-157.8264786688164	
2022-07-18 12:53:52.814592	1658116432.8147342	35.923977	139.911317	7.7964693617629095	-150.7363121927706	
2022-07-18 12:53:52.814592	1658116432.8147342	35.923977	139.911317	7.7964693617629095	-150.7363121927706	
2022-07-18 12:53:54.172970	1658116434.173117	35.923977	139.911317	7.7964693617629095	-158.86749642268435	
2022-07-18 12:53:54.172970	1658116434.173117	35.923977	139.911317	7.7964693617629095	-158.86749642268435	
2022-07-18 12:57:25.669285	1658116645.6694276	35.92437	139.91152	43.920726086093495	-4.179081413388872	
2022-07-18 12:57:25.669285	1658116645.6694276	35.92437	139.91152	43.920726086093495	-4.179081413388872	
2022-07-18 12:57:27.036784	1658116647.0369232	35.92437	139.911518	43.84730117420735	-10.67531962986871	
2022-07-18 12:57:27.036784	1658116647.0369232	35.92437	139.911518	43.84730117420735	-10.67531962986871	
2022-07-18 12:57:28.416887	1658116648.4170613	35.92437	139.911518	43.84730117420735	-10.43782468519774	
2022-07-18 12:57:28.416887	1658116648.4170613	35.92437	139.911518	43.84730117420735	-10.43782468519774	
2022-07-18 12:57:30.780911	1658116650.78105	35.92437	139.911518	43.84730117420735	-19.593444211453743	
2022-07-18 12:57:30.780911	1658116650.78105	35.92437	139.911518	43.84730117420735	-19.593444211453743	
2022-07-18 12:57:32.157402	1658116652.1575441	35.92437	139.911518	43.84730117420735	-33.44933369437118	
2022-07-18 12:57:32.157402	1658116652.1575441	35.92437	139.911518	43.84730117420735	-33.44933369437118	
2022-07-18 12:57:33.534259	1658116653.5343993	35.92437	139.911518	43.84730117420735	-30.311757015653455	
2022-07-18 12:57:33.534259	1658116653.5343993	35.92437	139.911518	43.84730117420735	-30.311757015653455	
2022-07-18 12:57:34.917222	1658116654.9173615	35.924353	139.911505	41.64859973057379	-28.81307828005464	
2022-07-18 12:57:34.917222	1658116654.9173615	35.924353	139.911505	41.64859973057379	-28.81307828005464	
2022-07-18 12:57:37.372646	1658116657.3729384	35.924335	139.911415	37.181975545230074	-46.64806391600459	
2022-07-18 12:57:37.372646	1658116657.3729384	35.924335	139.911415	37.181975545230074	-46.64806391600459	
2022-07-18 12:57:38.743296	1658116658.7437847	35.92434	139.911387	37.236826025301205	-59.02198767244923	
2022-07-18 12:57:38.743296	1658116658.7437847	35.92434	139.911387	37.236826025301205	-59.02198767244923	
2022-07-18 12:57:40.098789	1658116660.098928	35.924343	139.911373	37.38656154400631	-36.38971619157434	
2022-07-18 12:57:40.098789	1658116660.098928	35.924343	139.911373	37.38656154400631	-36.38971619157434	
2022-07-18 12:57:42.453082	1658116662.4532225	35.924343	139.911373	37.38656154400631	-41.22529248157423	
2022-07-18 12:57:42.453082	1658116662.4532225	35.924343	139.911373	37.38656154400631	-41.22529248157423	
2022-07-18 12:57:43.822269	1658116663.8224108	35.924355	139.911333	38.43937013052536	-62.54608527704528	
2022-07-18 12:57:43.822269	1658116663.8224108	35.924355	139.911333	38.43937013052536	-62.54608527704528	
2022-07-18 12:57:45.183857	1658116665.183997	35.924362	139.911308	39.219415783793345	-65.97131647992344	
2022-07-18 12:57:45.183857	1658116665.183997	35.924362	139.911308	39.219415783793345	-65.97131647992344	
2022-07-18 12:57:46.553789	1658116666.553934	35.924365	139.911295	39.60484031255539	-72.9119424011678	
2022-07-18 12:57:46.553789	1658116666.553934	35.924365	139.911295	39.60484031255539	-72.9119424011678	
2022-07-18 12:57:47.920553	1658116667.9207392	35.924362	139.911308	39.219415783793345	-74.71048733137513	
2022-07-18 12:57:47.920553	1658116667.9207392	35.924362	139.911308	39.219415783793345	-74.71048733137513	
2022-07-18 12:57:49.360688	1658116669.3608289	35.92437	139.91128	40.26104812169225	-16.412136997503325	
2022-07-18 12:57:49.360688	1658116669.3608289	35.92437	139.91128	40.26104812169225	-16.412136997503325	
2022-07-18 12:57:50.722876	1658116670.723016	35.924382	139.911255	41.84914038794535	-91.39877756545684	
2022-07-18 12:57:50.722876	1658116670.723016	35.924382	139.911255	41.84914038794535	-91.39877756545684	
2022-07-18 12:57:52.079912	1658116672.0800521	35.924388	139.911243	42.67386188885753	-71.76098085023102	
2022-07-18 12:57:52.079912	1658116672.0800521	35.924388	139.911243	42.67386188885753	-71.76098085023102	
2022-07-18 12:57:53.434766	1658116673.4349093	35.924403	139.911225	44.60371136332242	-75.23983964545053	
2022-07-18 12:57:53.434766	1658116673.4349093	35.924403	139.911225	44.60371136332242	-75.23983964545053	
2022-07-18 12:57:54.793344	1658116674.7936075	35.924403	139.911225	44.60371136332242	51.40218247304857	
2022-07-18 12:57:54.793344	1658116674.7936075	35.924403	139.911225	44.60371136332242	51.40218247304857	
2022-07-18 12:57:56.152788	1658116676.1529276	35.924412	139.911222	45.63598568152757	51.59778142455171	
2022-07-18 12:57:56.152788	1658116676.1529276	35.924412	139.911222	45.63598568152757	51.59778142455171	
2022-07-18 12:57:57.512886	1658116677.5130258	35.924417	139.911215	46.30674410550082	82.5956147750608	
2022-07-18 12:57:57.512886	1658116677.5130258	35.924417	139.911215	46.30674410550082	82.5956147750608	
2022-07-18 12:57:58.886586	1658116678.886725	35.924403	139.911225	44.60371136332242	71.61670934028736	
2022-07-18 12:57:58.886586	1658116678.886725	35.924403	139.911225	44.60371136332242	71.61670934028736	
2022-07-18 12:58:01.304958	1658116681.3050888	35.924422	139.911205	47.04258834453378	62.44928332771754	
2022-07-18 12:58:01.304958	1658116681.3050888	35.924422	139.911205	47.04258834453378	62.44928332771754	
2022-07-18 12:58:02.657262	1658116682.6574018	35.924437	139.911182	49.155591501993506	-8.860645287598231	
2022-07-18 12:58:02.657262	1658116682.6574018	35.924437	139.911182	49.155591501993506	-8.860645287598231	
2022-07-18 12:58:04.020582	1658116684.020761	35.924437	139.911182	49.155591501993506	134.39104568229143	
2022-07-18 12:58:04.020582	1658116684.020761	35.924437	139.911182	49.155591501993506	134.39104568229143	
2022-07-18 12:58:05.395174	1658116685.3953128	35.924438	139.91118	49.30921140882471	-88.01118011014364	
2022-07-18 12:58:05.395174	1658116685.3953128	35.924438	139.91118	49.30921140882471	-88.01118011014364	
2022-07-18 13:05:23.854454	1658117123.8545954	35.924448	139.911457	50.26085377579498	54.539791446401466	
2022-07-18 13:05:23.854454	1658117123.8545954	35.924448	139.911457	50.26085377579498	54.539791446401466	
2022-07-18 13:05:25.220008	1658117125.220148	35.924448	139.911457	50.26085377579498	51.313524822120655	
2022-07-18 13:05:25.220008	1658117125.220148	35.924448	139.911457	50.26085377579498	51.313524822120655	
2022-07-18 13:05:26.593997	1658117126.5941381	35.924448	139.911457	50.26085377579498	41.98071655595922	
2022-07-18 13:05:26.593997	1658117126.5941381	35.924448	139.911457	50.26085377579498	41.98071655595922	
2022-07-18 13:05:27.965925	1658117127.966172	35.924448	139.911457	50.26085377579498	21.79267651367104	
2022-07-18 13:05:27.965925	1658117127.966172	35.924448	139.911457	50.26085377579498	21.79267651367104	
2022-07-18 13:05:29.345162	1658117129.3453033	35.92445	139.911455	50.43257662183523	13.85336047222438	
2022-07-18 13:05:29.345162	1658117129.3453033	35.92445	139.911455	50.43257662183523	13.85336047222438	
2022-07-18 13:05:31.692074	1658117131.6922176	35.924448	139.911457	50.26085377579498	13.28339722004435	
2022-07-18 13:05:31.692074	1658117131.6922176	35.924448	139.911457	50.26085377579498	13.28339722004435	
2022-07-18 13:05:33.066266	1658117133.066405	35.924425	139.911472	48.15487201695108	11.73096834945548	
2022-07-18 13:05:33.066266	1658117133.066405	35.924425	139.911472	48.15487201695108	11.73096834945548	
2022-07-18 13:14:45.986203	1658117685.986344	35.924375	139.911548	45.50695095631194	41.490876580753934	
2022-07-18 13:14:45.986203	1658117685.986344	35.924375	139.911548	45.50695095631194	41.490876580753934	
2022-07-18 13:14:47.365479	1658117687.365619	35.924375	139.911548	45.50695095631194	45.83491232957121	
2022-07-18 13:14:47.365479	1658117687.365619	35.924375	139.911548	45.50695095631194	45.83491232957121	
2022-07-18 13:14:48.739608	1658117688.7397506	35.924373	139.911548	45.30886119493775	46.16111457354023	
2022-07-18 13:14:48.739608	1658117688.7397506	35.924373	139.911548	45.30886119493775	46.16111457354023	
2022-07-18 13:14:50.120980	1658117690.1214335	35.924348	139.911557	43.24630948275322	39.84034966865971	
2022-07-18 13:14:50.120980	1658117690.1214335	35.924348	139.911557	43.24630948275322	39.84034966865971	
2022-07-18 13:14:51.494877	1658117691.4950576	35.924335	139.911563	42.27356262995209	49.804852346253284	
2022-07-18 13:14:51.494877	1658117691.4950576	35.924335	139.911563	42.27356262995209	49.804852346253284	
2022-07-18 13:14:52.851372	1658117692.8515618	35.924322	139.911568	41.28660966523007	68.3360690640711	
2022-07-18 13:14:52.851372	1658117692.8515618	35.924322	139.911568	41.28660966523007	68.3360690640711	
2022-07-18 13:14:55.225520	1658117695.225663	35.924298	139.911575	39.434389382555715	54.24634629956918	
2022-07-18 13:14:55.225520	1658117695.225663	35.924298	139.911575	39.434389382555715	54.24634629956918	
2022-07-18 13:14:56.665132	1658117696.6652737	35.924278	139.911583	38.093606488084205	54.63303417472139	
2022-07-18 13:14:56.665132	1658117696.6652737	35.924278	139.911583	38.093606488084205	54.63303417472139	
2022-07-18 13:14:58.011270	1658117698.0114124	35.924257	139.911588	36.59000340120072	62.21077191214067	
2022-07-18 13:14:58.011270	1658117698.0114124	35.924257	139.911588	36.59000340120072	62.21077191214067	
2022-07-18 13:14:59.365888	1658117699.366153	35.924245	139.911592	35.84339858239874	76.04778036830169	
2022-07-18 13:14:59.365888	1658117699.366153	35.924245	139.911592	35.84339858239874	76.04778036830169	
2022-07-18 13:15:00.730853	1658117700.730995	35.924233	139.911593	34.94453049701583	58.84466953824028	
2022-07-18 13:15:00.730853	1658117700.730995	35.924233	139.911593	34.94453049701583	58.84466953824028	
2022-07-18 13:15:02.084996	1658117702.0851376	35.924212	139.9116	33.79289762662954	68.05286417553751	
2022-07-18 13:15:02.084996	1658117702.0851376	35.924212	139.9116	33.79289762662954	68.05286417553751	
2022-07-18 13:15:04.450101	1658117704.4502425	35.9242	139.911602	33.05719510644977	60.29898831586215	
2022-07-18 13:15:04.450101	1658117704.4502425	35.9242	139.911602	33.05719510644977	60.29898831586215	
2022-07-18 13:15:05.824860	1658117705.8250008	35.924178	139.911605	31.763251528572614	59.61554546096056	
2022-07-18 13:15:05.824860	1658117705.8250008	35.924178	139.911605	31.763251528572614	59.61554546096056	
2022-07-18 13:15:07.217186	1658117707.217448	35.924155	139.911608	30.55290018293775	46.67423211442926	
2022-07-18 13:15:07.217186	1658117707.217448	35.924155	139.911608	30.55290018293775	46.67423211442926	
2022-07-18 13:15:08.656721	1658117708.6568618	35.924143	139.911608	29.866774724006856	30.520298289226048	
2022-07-18 13:15:08.656721	1658117708.6568618	35.924143	139.911608	29.866774724006856	30.520298289226048	
2022-07-18 13:15:10.032418	1658117710.032559	35.924132	139.911603	28.87874266323181	18.50141415143989	
2022-07-18 13:15:10.032418	1658117710.032559	35.924132	139.911603	28.87874266323181	18.50141415143989	
2022-07-18 13:15:11.412211	1658117711.4123511	35.924112	139.91159	26.830673346809178	20.084900507518597	
2022-07-18 13:15:11.412211	1658117711.4123511	35.924112	139.91159	26.830673346809178	20.084900507518597	
2022-07-18 13:27:09.514068	1658118429.514209	35.924403	139.911518	47.21835116357594	6.840339525421086	
2022-07-18 13:27:09.514068	1658118429.514209	35.924403	139.911518	47.21835116357594	6.840339525421086	
2022-07-18 13:27:10.881176	1658118430.8813179	35.924403	139.911518	47.21835116357594	-17.295267325075343	
2022-07-18 13:27:10.881176	1658118430.8813179	35.924403	139.911518	47.21835116357594	-17.295267325075343	
2022-07-18 13:27:12.256491	1658118432.2567015	35.924403	139.911518	47.21835116357594	-10.893063385155699	
2022-07-18 13:27:12.256491	1658118432.2567015	35.924403	139.911518	47.21835116357594	-10.893063385155699	
2022-07-18 13:27:13.624216	1658118433.6243594	35.924403	139.911518	47.21835116357594	6.511057061574405	
2022-07-18 13:27:13.624216	1658118433.6243594	35.924403	139.911518	47.21835116357594	6.511057061574405	
2022-07-18 13:27:14.995860	1658118434.996033	35.924403	139.911518	47.21835116357594	16.901029320744072	
2022-07-18 13:27:14.995860	1658118434.996033	35.924403	139.911518	47.21835116357594	16.901029320744072	
2022-07-18 13:27:17.379484	1658118437.3796866	35.924387	139.911505	45.13404227285424	15.460389382880436	
2022-07-18 13:27:17.379484	1658118437.3796866	35.924387	139.911505	45.13404227285424	15.460389382880436	
2022-07-18 13:27:18.757684	1658118438.7578263	35.92437	139.911492	42.950421857374785	1.356569538355501	
2022-07-18 13:27:18.757684	1658118438.7578263	35.92437	139.911492	42.950421857374785	1.356569538355501	
2022-07-18 13:27:20.197856	1658118440.1980448	35.92437	139.911492	42.950421857374785	-0.8248107962974984	
2022-07-18 13:27:20.197856	1658118440.1980448	35.92437	139.911492	42.950421857374785	-0.8248107962974984	
2022-07-18 13:27:21.580489	1658118441.5806313	35.92429	139.91147	33.97874842542578	13.763923594079102	
2022-07-18 13:27:21.580489	1658118441.5806313	35.92429	139.91147	33.97874842542578	13.763923594079102	
2022-07-18 13:27:22.956151	1658118442.9562922	35.92429	139.91147	33.97874842542578	15.74488007571918	
2022-07-18 13:27:22.956151	1658118442.9562922	35.92429	139.91147	33.97874842542578	15.74488007571918	
2022-07-18 13:27:24.325871	1658118444.326048	35.92428	139.911465	32.78117320006858	5.492190396928919	
2022-07-18 13:27:24.325871	1658118444.326048	35.92428	139.911465	32.78117320006858	5.492190396928919	
2022-07-18 13:27:25.696478	1658118445.6966197	35.92427	139.911462	31.655640425855914	2.579313172786101	
2022-07-18 13:27:25.696478	1658118445.6966197	35.92427	139.911462	31.655640425855914	2.579313172786101	
2022-07-18 13:27:27.078314	1658118447.0785017	35.92426	139.911457	30.45826287506788	2.1126165084841375	
2022-07-18 13:27:27.078314	1658118447.0785017	35.92426	139.911457	30.45826287506788	2.1126165084841375	
2022-07-18 13:27:28.431885	1658118448.432026	35.92425	139.911453	29.297447735218363	5.076858127507762	
2022-07-18 13:27:28.431885	1658118448.432026	35.92425	139.911453	29.297447735218363	5.076858127507762	
2022-07-18 13:27:29.805227	1658118449.8053708	35.92424	139.911448	28.100255084978656	1.1123889471522546	
2022-07-18 13:27:29.805227	1658118449.8053708	35.92424	139.911448	28.100255084978656	1.1123889471522546	
2022-07-18 13:27:32.251905	1658118452.2520466	35.92423	139.911443	26.90311870349518	-19.427074593864063	
2022-07-18 13:27:32.251905	1658118452.2520466	35.92423	139.911443	26.90311870349518	-19.427074593864063	
2022-07-18 13:27:33.616485	1658118453.6166267	35.92421	139.91143	24.39883233543789	-25.527668753628177	
2022-07-18 13:27:33.616485	1658118453.6166267	35.92421	139.91143	24.39883233543789	-25.527668753628177	
2022-07-18 13:27:34.995146	1658118454.9952865	35.924198	139.911423	22.925721523648257	-30.160285327420127	
2022-07-18 13:27:34.995146	1658118454.9952865	35.924198	139.911423	22.925721523648257	-30.160285327420127	
2022-07-18 13:27:36.368722	1658118456.3688638	35.924188	139.911418	21.72832613569074	-42.28548628093981	
2022-07-18 13:27:36.368722	1658118456.3688638	35.924188	139.911418	21.72832613569074	-42.28548628093981	
2022-07-18 13:27:37.750158	1658118457.7502995	35.924178	139.911412	20.49472824868975	-41.41463198728928	
2022-07-18 13:27:37.750158	1658118457.7502995	35.924178	139.911412	20.49472824868975	-41.41463198728928	
2022-07-18 13:27:40.127439	1658118460.1275818	35.92416	139.911395	18.060860021114397	-22.819181974328643	
2022-07-18 13:27:40.127439	1658118460.1275818	35.92416	139.911395	18.060860021114397	-22.819181974328643	
2022-07-18 13:27:41.504552	1658118461.504684	35.924147	139.911377	16.15064059903997	-32.756145932441115	
2022-07-18 13:27:41.504552	1658118461.504684	35.924147	139.911377	16.15064059903997	-32.756145932441115	
2022-07-18 13:27:43.875075	1658118463.8752558	35.924133	139.911357	14.165419441470886	-53.33810418339638	
2022-07-18 13:27:43.875075	1658118463.8752558	35.924133	139.911357	14.165419441470886	-53.33810418339638	
2022-07-18 13:27:46.315108	1658118466.315252	35.924153	139.911385	17.01504976507232	-29.418015645517073	
2022-07-18 13:27:46.315108	1658118466.315252	35.924153	139.911385	17.01504976507232	-29.418015645517073	
2022-07-18 13:27:47.681004	1658118467.6811464	35.924122	139.911322	12.571702684070557	-60.117262847841346	
2022-07-18 13:27:47.681004	1658118467.6811464	35.924122	139.911322	12.571702684070557	-60.117262847841346	
2022-07-18 13:27:49.054339	1658118469.0544834	35.924117	139.91131	12.059144423959387	-23.49008001882916	
2022-07-18 13:27:49.054339	1658118469.0544834	35.924117	139.91131	12.059144423959387	-23.49008001882916	
2022-07-18 13:27:50.427348	1658118470.4274907	35.92411	139.911298	11.43335901519895	-25.669353004439586	
2022-07-18 13:27:50.427348	1658118470.4274907	35.92411	139.911298	11.43335901519895	-25.669353004439586	
2022-07-18 13:27:51.812595	1658118471.8127377	35.924102	139.911273	11.22915729829187	-31.559731663554174	
2022-07-18 13:27:51.812595	1658118471.8127377	35.924102	139.911273	11.22915729829187	-31.559731663554174	
2022-07-18 13:27:53.194219	1658118473.1943607	35.92409	139.91125	11.075501779736827	-55.01794415671313	
2022-07-18 13:27:53.194219	1658118473.1943607	35.92409	139.91125	11.075501779736827	-55.01794415671313	
2022-07-18 13:27:54.571938	1658118474.572123	35.924037	139.911198	11.553709107990125	-77.96728186671393	
2022-07-18 13:27:54.571938	1658118474.572123	35.924037	139.911198	11.553709107990125	-77.96728186671393	
2022-07-18 13:27:55.946118	1658118475.9463603	35.924037	139.911198	11.553709107990125	-70.41557748901349	
2022-07-18 13:27:55.946118	1658118475.9463603	35.924037	139.911198	11.553709107990125	-70.41557748901349	
2022-07-18 13:27:58.384069	1658118478.3842099	35.924027	139.911195	11.5691468582362	-71.12400184635815	
2022-07-18 13:27:58.384069	1658118478.3842099	35.924027	139.911195	11.5691468582362	-71.12400184635815	
2022-07-18 13:27:59.765070	1658118479.7652102	35.924007	139.91119	11.842316730819448	-82.92783491663646	
2022-07-18 13:27:59.765070	1658118479.7652102	35.924007	139.91119	11.842316730819448	-82.92783491663646	
2022-07-18 13:28:02.122592	1658118482.1227345	35.923995	139.91119	11.937992631582913	-83.21551378704284	
2022-07-18 13:28:02.122592	1658118482.1227345	35.923995	139.91119	11.937992631582913	-83.21551378704284	
2022-07-18 13:28:03.496845	1658118483.496989	35.923977	139.91119	12.352195310104376	-82.81333314013057	
2022-07-18 13:28:03.496845	1658118483.496989	35.923977	139.91119	12.352195310104376	-82.81333314013057	
2022-07-18 13:28:04.865793	1658118484.8659844	35.923967	139.911193	12.460936779470893	-87.90714703875142	
2022-07-18 13:28:04.865793	1658118484.8659844	35.923967	139.911193	12.460936779470893	-87.90714703875142	
2022-07-18 13:28:06.245780	1658118486.2459657	35.924007	139.91119	11.842316730819448	-83.81795196428202	
2022-07-18 13:28:06.245780	1658118486.2459657	35.924007	139.91119	11.842316730819448	-83.81795196428202	
2022-07-18 13:28:07.623241	1658118487.6233833	35.923957	139.911197	12.59169188394569	-62.072002669595626	
2022-07-18 13:28:07.623241	1658118487.6233833	35.923957	139.911197	12.59169188394569	-62.072002669595626	
2022-07-18 13:28:38.497999	1658118518.4981403	35.923878	139.911265	15.363539916726998	92.57778014472723	
2022-07-18 13:28:38.497999	1658118518.4981403	35.923878	139.911265	15.363539916726998	92.57778014472723	
2022-07-18 13:28:39.845665	1658118519.8458068	35.923878	139.911262	15.45503771673696	117.53029131811101	
2022-07-18 13:28:39.845665	1658118519.8458068	35.923878	139.911262	15.45503771673696	117.53029131811101	
2022-07-18 13:28:41.219426	1658118521.219569	35.923878	139.911267	15.304898616248373	128.17582697378296	
2022-07-18 13:28:41.219426	1658118521.219569	35.923878	139.911267	15.304898616248373	128.17582697378296	
2022-07-18 13:28:42.559200	1658118522.5593443	35.923882	139.911253	15.346704711453217	154.37700786036834	
2022-07-18 13:28:42.559200	1658118522.5593443	35.923882	139.911253	15.346704711453217	154.37700786036834	
2022-07-18 13:28:43.891180	1658118523.8913183	35.923883	139.911242	15.672279906797828	122.25173993711317	
2022-07-18 13:28:43.891180	1658118523.8913183	35.923883	139.911242	15.672279906797828	122.25173993711317	
2022-07-18 13:28:45.232516	1658118525.2326562	35.923883	139.911242	15.672279906797828	133.9170692324112	
2022-07-18 13:28:45.232516	1658118525.2326562	35.923883	139.911242	15.672279906797828	133.9170692324112	
2022-07-18 13:28:46.572104	1658118526.572249	35.923885	139.91123	16.00420027489241	133.70758223802122	
2022-07-18 13:28:46.572104	1658118526.572249	35.923885	139.91123	16.00420027489241	133.70758223802122	
2022-07-18 13:28:47.997130	1658118527.9972708	35.923885	139.91123	16.00420027489241	174.7405932599585	
2022-07-18 13:28:47.997130	1658118527.9972708	35.923885	139.91123	16.00420027489241	174.7405932599585	
2022-07-18 13:28:49.348134	1658118529.3483155	35.923883	139.911207	17.342275096093946	170.75562586232365	
2022-07-18 13:28:49.348134	1658118529.3483155	35.923883	139.911207	17.342275096093946	170.75562586232365	
2022-07-18 13:28:50.681692	1658118530.6818333	35.923883	139.911195	18.00698407654087	179.8836580694141	
2022-07-18 13:28:50.681692	1658118530.6818333	35.923883	139.911195	18.00698407654087	179.8836580694141	
2022-07-18 13:28:52.029652	1658118532.029795	35.923883	139.911172	19.386699982325947	171.39789104703064	
2022-07-18 13:28:52.029652	1658118532.029795	35.923883	139.911172	19.386699982325947	171.39789104703064	
2022-07-18 13:28:53.381902	1658118533.3820415	35.923882	139.911162	20.10151875694735	-163.21889920654405	
2022-07-18 13:28:53.381902	1658118533.3820415	35.923882	139.911162	20.10151875694735	-163.21889920654405	
2022-07-18 13:28:54.754878	1658118534.7550194	35.923878	139.911152	21.059334516315612	-150.42071132458256	
2022-07-18 13:28:54.754878	1658118534.7550194	35.923878	139.911152	21.059334516315612	-150.42071132458256	
2022-07-18 13:28:56.126890	1658118536.127034	35.923872	139.911123	23.45274054444544	-131.93314323174388	
2022-07-18 13:28:56.126890	1658118536.127034	35.923872	139.911123	23.45274054444544	-131.93314323174388	
2022-07-18 13:28:57.471887	1658118537.4720287	35.923868	139.91111	24.638218783014736	-106.44550168096009	
2022-07-18 13:28:57.471887	1658118537.4720287	35.923868	139.91111	24.638218783014736	-106.44550168096009	
2022-07-18 13:28:58.885843	1658118538.8859837	35.923878	139.911152	21.059334516315612	-109.03538169882832	
2022-07-18 13:28:58.885843	1658118538.8859837	35.923878	139.911152	21.059334516315612	-109.03538169882832	
2022-07-18 13:29:00.244429	1658118540.2445703	35.923872	139.911123	23.45274054444544	-89.20511048458663	
2022-07-18 13:29:00.244429	1658118540.2445703	35.923872	139.911123	23.45274054444544	-89.20511048458663	
2022-07-18 13:29:01.602033	1658118541.6021981	35.923858	139.911087	26.951026753604765	-76.53348422331477	
2022-07-18 13:29:01.602033	1658118541.6021981	35.923858	139.911087	26.951026753604765	-76.53348422331477	
2022-07-18 13:29:02.964029	1658118542.9641705	35.923803	139.911088	31.04646285466701	-99.70105792539017	
2022-07-18 13:29:02.964029	1658118542.9641705	35.923803	139.911088	31.04646285466701	-99.70105792539017	
2022-07-18 13:29:04.335812	1658118544.3359528	35.923797	139.911095	31.121102200512333	-70.04411062846657	
2022-07-18 13:29:04.335812	1658118544.3359528	35.923797	139.911095	31.121102200512333	-70.04411062846657	
2022-07-18 13:29:05.701660	1658118545.701803	35.923793	139.911102	31.051185256015057	-91.77159294593116	
2022-07-18 13:29:05.701660	1658118545.701803	35.923793	139.911102	31.051185256015057	-91.77159294593116	
2022-07-18 13:29:07.075137	1658118547.0752773	35.923788	139.91111	31.0321573200726	-72.16721883712677	
2022-07-18 13:29:07.075137	1658118547.0752773	35.923788	139.91111	31.0321573200726	-72.16721883712677	
2022-07-18 13:29:08.445055	1658118548.4451969	35.923787	139.91112	30.575333622250426	-85.01866473099676	
2022-07-18 13:29:08.445055	1658118548.4451969	35.923787	139.91112	30.575333622250426	-85.01866473099676	
2022-07-18 13:29:09.886516	1658118549.8866575	35.923785	139.911128	30.3334594218663	-56.35700129440529	
2022-07-18 13:29:09.886516	1658118549.8866575	35.923785	139.911128	30.3334594218663	-56.35700129440529	
2022-07-18 13:29:12.246660	1658118552.2468007	35.923787	139.911143	29.390052948765877	-55.763181631633316	
2022-07-18 13:29:12.246660	1658118552.2468007	35.923787	139.911143	29.390052948765877	-55.763181631633316	
2022-07-18 13:29:13.605895	1658118553.6060333	35.923785	139.911137	29.873953482558314	-84.48847475657493	
2022-07-18 13:29:13.605895	1658118553.6060333	35.923785	139.911137	29.873953482558314	-84.48847475657493	
2022-07-18 13:29:14.960405	1658118554.9606702	35.923788	139.911162	28.392138960655878	-60.11053496003349	
2022-07-18 13:29:14.960405	1658118554.9606702	35.923788	139.911162	28.392138960655878	-60.11053496003349	
2022-07-18 13:29:16.326938	1658118556.3270798	35.923787	139.911143	29.390052948765877	-60.247964566828216	
2022-07-18 13:29:16.326938	1658118556.3270798	35.923787	139.911143	29.390052948765877	-60.247964566828216	
2022-07-18 13:29:17.703943	1658118557.704233	35.923792	139.911172	27.558187360372123	-84.75762206210536	
2022-07-18 13:29:17.703943	1658118557.704233	35.923792	139.911172	27.558187360372123	-84.75762206210536	
2022-07-18 13:29:19.071412	1658118559.0715535	35.923788	139.911162	28.392138960655878	-74.89982466589643	
2022-07-18 13:29:19.071412	1658118559.0715535	35.923788	139.911162	28.392138960655878	-74.89982466589643	
2022-07-18 13:29:20.447816	1658118560.448082	35.9238	139.911188	26.091225436751557	-72.72710750321555	
2022-07-18 13:29:20.447816	1658118560.448082	35.9238	139.911188	26.091225436751557	-72.72710750321555	
2022-07-18 13:29:22.894709	1658118562.8948503	35.923803	139.911197	25.427884864362937	-65.7964393604147	
2022-07-18 13:29:22.894709	1658118562.8948503	35.923803	139.911197	25.427884864362937	-65.7964393604147	
2022-07-18 13:29:24.275608	1658118564.2757506	35.923835	139.911265	19.929555833432445	-48.290372870544445	
2022-07-18 13:29:24.275608	1658118564.2757506	35.923835	139.911265	19.929555833432445	-48.290372870544445	
2022-07-18 13:29:25.639504	1658118565.6396453	35.923835	139.911265	19.929555833432445	-21.847175570813874	
2022-07-18 13:29:25.639504	1658118565.6396453	35.923835	139.911265	19.929555833432445	-21.847175570813874	
2022-07-18 13:29:27.016883	1658118567.0170708	35.923842	139.911272	19.022136845391746	-62.66030911378071	
2022-07-18 13:29:27.016883	1658118567.0170708	35.923842	139.911272	19.022136845391746	-62.66030911378071	
2022-07-18 13:29:28.397287	1658118568.397427	35.923842	139.911272	19.022136845391746	-66.71859757362908	
2022-07-18 13:29:28.397287	1658118568.397427	35.923842	139.911272	19.022136845391746	-66.71859757362908	
2022-07-18 13:29:29.771227	1658118569.771366	35.92386	139.911282	16.87442083934797	-49.04758344392338	
2022-07-18 13:29:29.771227	1658118569.771366	35.92386	139.911282	16.87442083934797	-49.04758344392338	
2022-07-18 13:29:31.146599	1658118571.1469073	35.923872	139.911283	15.554771726248456	-46.983321867756686	
2022-07-18 13:29:31.146599	1658118571.1469073	35.923872	139.911283	15.554771726248456	-46.983321867756686	
2022-07-18 13:29:32.515678	1658118572.515821	35.923882	139.911283	14.474881759310948	-66.03711774362083	
2022-07-18 13:29:32.515678	1658118572.515821	35.923882	139.911283	14.474881759310948	-66.03711774362083	
2022-07-18 13:29:33.959433	1658118573.959675	35.923883	139.911283	14.367141582305631	-58.917218217756634	
2022-07-18 13:29:33.959433	1658118573.959675	35.923883	139.911283	14.367141582305631	-58.917218217756634	
2022-07-18 13:29:35.340093	1658118575.3402348	35.923882	139.911285	14.43295575420766	-71.80424524399291	
2022-07-18 13:29:35.340093	1658118575.3402348	35.923882	139.911285	14.43295575420766	-71.80424524399291	
2022-07-18 13:29:36.717014	1658118576.7171543	35.923882	139.911285	14.43295575420766	-69.75664529698429	
2022-07-18 13:29:36.717014	1658118576.7171543	35.923882	139.911285	14.43295575420766	-69.75664529698429	
2022-07-18 13:35:43.681461	1658118943.6816452	35.924465	139.911537	54.24668970798914	-14.948897450021434	
2022-07-18 13:35:43.681461	1658118943.6816452	35.924465	139.911537	54.24668970798914	-14.948897450021434	
2022-07-18 13:35:45.044980	1658118945.045121	35.924465	139.911538	54.27915701693572	-8.136373154498983	
2022-07-18 13:35:45.044980	1658118945.045121	35.924465	139.911538	54.27915701693572	-8.136373154498983	
2022-07-18 13:35:46.407343	1658118946.4074829	35.924465	139.911538	54.27915701693572	6.459598284499691	
2022-07-18 13:35:46.407343	1658118946.4074829	35.924465	139.911538	54.27915701693572	6.459598284499691	
2022-07-18 13:35:47.775065	1658118947.775246	35.924465	139.911538	54.27915701693572	8.674958061815744	
2022-07-18 13:35:47.775065	1658118947.775246	35.924465	139.911538	54.27915701693572	8.674958061815744	
2022-07-18 13:35:49.154945	1658118949.1551297	35.92444	139.911532	51.49889264753597	10.55066470336493	
2022-07-18 13:35:49.154945	1658118949.1551297	35.92444	139.911532	51.49889264753597	10.55066470336493	
2022-07-18 13:35:50.526410	1658118950.5265505	35.924417	139.911533	49.17145021963356	9.572771016672448	
2022-07-18 13:35:50.526410	1658118950.5265505	35.924417	139.911533	49.17145021963356	9.572771016672448	
2022-07-18 13:35:51.907364	1658118951.9076982	35.924403	139.911535	47.81659446712142	14.84430411863596	
2022-07-18 13:35:51.907364	1658118951.9076982	35.924403	139.911535	47.81659446712142	14.84430411863596	
2022-07-18 13:35:54.344315	1658118954.3444548	35.92438	139.911538	45.60873032532441	10.26627357771926	
2022-07-18 13:35:54.344315	1658118954.3444548	35.92438	139.911538	45.60873032532441	10.26627357771926	
2022-07-18 13:35:55.731196	1658118955.7313344	35.924355	139.911542	43.28444980486332	6.580315418777559	
2022-07-18 13:35:55.731196	1658118955.7313344	35.924355	139.911542	43.28444980486332	6.580315418777559	
2022-07-18 13:35:57.106347	1658118957.1064873	35.924332	139.911545	41.167939781058614	16.365952813639637	
2022-07-18 13:35:57.106347	1658118957.1064873	35.924332	139.911545	41.167939781058614	16.365952813639637	
2022-07-18 13:35:58.472615	1658118958.4727561	35.924318	139.911545	39.8216396799146	-60.295985358888686	
2022-07-18 13:35:58.472615	1658118958.4727561	35.924318	139.911545	39.8216396799146	-60.295985358888686	
2022-07-18 13:35:59.835425	1658118959.8355644	35.924307	139.911547	38.86902805797962	20.802333944152736	
2022-07-18 13:35:59.835425	1658118959.8355644	35.924307	139.911547	38.86902805797962	20.802333944152736	
2022-07-18 13:36:01.198837	1658118961.1989665	35.924283	139.911548	36.67829261112884	21.453986381032905	
2022-07-18 13:36:01.198837	1658118961.1989665	35.924283	139.911548	36.67829261112884	21.453986381032905	
2022-07-18 13:36:02.553846	1658118962.5539865	35.924283	139.911548	36.67829261112884	15.769102830594932	
2022-07-18 13:36:02.553846	1658118962.5539865	35.924283	139.911548	36.67829261112884	15.769102830594932	
2022-07-18 13:36:03.923879	1658118963.9240606	35.924272	139.911548	35.67199740725872	17.680733663377993	
2022-07-18 13:36:03.923879	1658118963.9240606	35.924272	139.911548	35.67199740725872	17.680733663377993	
2022-07-18 13:36:06.368286	1658118966.3684273	35.924237	139.91155	32.68149592594972	24.32164467470716	
2022-07-18 13:36:06.368286	1658118966.3684273	35.924237	139.91155	32.68149592594972	24.32164467470716	
2022-07-18 13:36:07.753905	1658118967.754195	35.924215	139.911547	30.647324590068468	37.30256603434452	
2022-07-18 13:36:07.753905	1658118967.754195	35.924215	139.911547	30.647324590068468	37.30256603434452	
2022-07-18 13:36:09.127181	1658118969.1273198	35.924203	139.911545	29.542346921660762	28.62834087451668	
2022-07-18 13:36:09.127181	1658118969.1273198	35.924203	139.911545	29.542346921660762	28.62834087451668	
2022-07-18 13:36:10.510306	1658118970.5105855	35.924192	139.911543	28.53688886381538	33.074693615449775	
2022-07-18 13:36:10.510306	1658118970.5105855	35.924192	139.911543	28.53688886381538	33.074693615449775	
2022-07-18 13:36:11.883677	1658118971.8838158	35.924182	139.911545	27.88744942382099	42.12641336300575	
2022-07-18 13:36:11.883677	1658118971.8838158	35.924182	139.911545	27.88744942382099	42.12641336300575	
2022-07-18 13:36:13.255244	1658118973.2554255	35.92416	139.91155	26.61245428037345	60.29980432112475	
2022-07-18 13:36:13.255244	1658118973.2554255	35.92416	139.91155	26.61245428037345	60.29980432112475	
2022-07-18 13:36:14.617448	1658118974.6175878	35.924137	139.911558	25.678556043311083	61.903759653136916	
2022-07-18 13:36:14.617448	1658118974.6175878	35.924137	139.911558	25.678556043311083	61.903759653136916	
2022-07-18 13:36:15.986026	1658118975.986168	35.924127	139.911563	25.46603767625822	58.852270749815546	
2022-07-18 13:36:15.986026	1658118975.986168	35.924127	139.911563	25.46603767625822	58.852270749815546	
2022-07-18 13:36:18.413378	1658118978.4139118	35.924115	139.91157	25.36353207560782	69.164768492556	
2022-07-18 13:36:18.413378	1658118978.4139118	35.924115	139.91157	25.36353207560782	69.164768492556	
2022-07-18 13:36:19.765732	1658118979.7658713	35.924093	139.911582	25.327706229593662	96.36441104646588	
2022-07-18 13:36:19.765732	1658118979.7658713	35.924093	139.911582	25.327706229593662	96.36441104646588	
2022-07-18 13:36:21.113917	1658118981.1142037	35.924082	139.911587	25.32973336947586	26.132998629365943	
2022-07-18 13:36:21.113917	1658118981.1142037	35.924082	139.911587	25.32973336947586	26.132998629365943	
2022-07-18 13:36:22.480698	1658118982.4808378	35.924073	139.911595	25.719826004576102	76.6086469957533	
2022-07-18 13:36:22.480698	1658118982.4808378	35.924073	139.911595	25.719826004576102	76.6086469957533	
2022-07-18 13:36:23.848303	1658118983.848491	35.924055	139.911613	26.831382430413594	76.3472203081541	
2022-07-18 13:36:23.848303	1658118983.848491	35.924055	139.911613	26.831382430413594	76.3472203081541	
2022-07-18 13:36:25.212895	1658118985.2130363	35.924038	139.911627	27.789303144302373	68.2683325691533	
2022-07-18 13:36:25.212895	1658118985.2130363	35.924038	139.911627	27.789303144302373	68.2683325691533	
2022-07-18 13:36:26.575705	1658118986.5758455	35.924028	139.91163	27.95138515904975	75.43696866037965	
2022-07-18 13:36:26.575705	1658118986.5758455	35.924028	139.91163	27.95138515904975	75.43696866037965	
2022-07-18 13:36:27.921333	1658118987.9215739	35.92401	139.91164	28.772095962704203	85.05650161144831	
2022-07-18 13:36:27.921333	1658118987.9215739	35.92401	139.91164	28.772095962704203	85.05650161144831	
2022-07-18 13:36:29.363334	1658118989.3638906	35.923992	139.91165	29.732037073541097	62.55446525695061	
2022-07-18 13:36:29.363334	1658118989.3638906	35.923992	139.91165	29.732037073541097	62.55446525695061	
2022-07-18 13:36:30.735643	1658118990.7357829	35.923983	139.911657	30.4398553398567	123.73906055870884	
2022-07-18 13:36:30.735643	1658118990.7357829	35.923983	139.911657	30.4398553398567	123.73906055870884	
2022-07-18 13:36:32.106672	1658118992.1068559	35.923967	139.91166	30.924841468168108	170.74483004977418	
2022-07-18 13:36:32.106672	1658118992.1068559	35.923967	139.91166	30.924841468168108	170.74483004977418	
2022-07-18 13:36:33.487205	1658118993.487346	35.923962	139.911667	31.635746956540004	-60.06190432965349	
2022-07-18 13:36:33.487205	1658118993.487346	35.923962	139.911667	31.635746956540004	-60.06190432965349	
2022-07-18 13:36:34.864114	1658118994.8644838	35.923958	139.911675	32.422269408160496	-31.504471859349394	
2022-07-18 13:36:34.864114	1658118994.8644838	35.923958	139.911675	32.422269408160496	-31.504471859349394	
2022-07-18 13:36:36.244114	1658118996.244253	35.923968	139.91168	32.695130782025856	-53.605769123723974	
2022-07-18 13:36:36.244114	1658118996.244253	35.923968	139.91168	32.695130782025856	-53.605769123723974	
2022-07-18 13:36:37.614131	1658118997.614304	35.923978	139.911675	32.11168062944011	-79.42591280369368	
2022-07-18 13:36:37.614131	1658118997.614304	35.923978	139.911675	32.11168062944011	-79.42591280369368	
2022-07-18 13:36:38.987437	1658118998.9875772	35.923995	139.911665	31.065204424324236	-6.657436989458631	
2022-07-18 13:36:38.987437	1658118998.9875772	35.923995	139.911665	31.065204424324236	-6.657436989458631	
2022-07-18 13:36:41.438734	1658119001.4388738	35.924002	139.911657	30.315104490567272	4.430312967262239	
2022-07-18 13:36:41.438734	1658119001.4388738	35.924002	139.911657	30.315104490567272	4.430312967262239	
2022-07-18 13:36:53.715232	1658119013.7154157	35.924032	139.911602	25.473756999834	-5.260378702601997	
2022-07-18 13:36:53.715232	1658119013.7154157	35.924032	139.911602	25.473756999834	-5.260378702601997	
2022-07-18 13:36:55.092678	1658119015.092819	35.924032	139.911602	25.473756999834	7.790794912206707	
2022-07-18 13:36:55.092678	1658119015.092819	35.924032	139.911602	25.473756999834	7.790794912206707	
2022-07-18 13:36:56.442027	1658119016.4421666	35.924033	139.911598	25.12631158062939	16.89119042890141	
2022-07-18 13:36:56.442027	1658119016.4421666	35.924033	139.911598	25.12631158062939	16.89119042890141	
2022-07-18 13:36:57.811850	1658119017.8119917	35.924037	139.911587	24.193121758566484	9.90609010037565	
2022-07-18 13:36:57.811850	1658119017.8119917	35.924037	139.911587	24.193121758566484	9.90609010037565	
2022-07-18 13:36:59.191643	1658119019.1917849	35.924042	139.911558	21.688275482098145	19.417503874190942	
2022-07-18 13:36:59.191643	1658119019.1917849	35.924042	139.911558	21.688275482098145	19.417503874190942	
2022-07-18 13:37:00.557295	1658119020.5575373	35.924042	139.911543	20.355620770960826	27.4296773600353	
2022-07-18 13:37:00.557295	1658119020.5575373	35.924042	139.911543	20.355620770960826	27.4296773600353	
2022-07-18 13:37:01.912088	1658119021.9122257	35.924038	139.911515	17.790048883491874	27.35805434512835	
2022-07-18 13:37:01.912088	1658119021.9122257	35.924038	139.911515	17.790048883491874	27.35805434512835	
2022-07-18 13:37:04.336075	1658119024.3362162	35.924035	139.911502	16.576108420186145	32.30328182421579	
2022-07-18 13:37:04.336075	1658119024.3362162	35.924035	139.911502	16.576108420186145	32.30328182421579	
2022-07-18 13:37:05.716701	1658119025.7168424	35.924022	139.911478	14.227955106218861	40.538908231504905	
2022-07-18 13:37:05.716701	1658119025.7168424	35.924022	139.911478	14.227955106218861	40.538908231504905	
2022-07-18 13:37:07.099327	1658119027.0994697	35.924007	139.911458	12.347655852379406	40.26314502289111	
2022-07-18 13:37:07.099327	1658119027.0994697	35.924007	139.911458	12.347655852379406	40.26314502289111	
2022-07-18 13:37:08.472654	1658119028.4727938	35.923997	139.91145	11.696482545147912	48.0297994784199	
2022-07-18 13:37:08.472654	1658119028.4727938	35.923997	139.91145	11.696482545147912	48.0297994784199	
2022-07-18 13:37:09.846751	1658119029.846892	35.923988	139.91144	10.964969198777094	44.76736527184221	
2022-07-18 13:37:09.846751	1658119029.846892	35.923988	139.91144	10.964969198777094	44.76736527184221	
2022-07-18 13:37:11.210447	1658119031.2105885	35.92397	139.911422	10.05973302208005	58.47918757620832	
2022-07-18 13:37:11.210447	1658119031.2105885	35.92397	139.911422	10.05973302208005	58.47918757620832	
2022-07-18 13:37:12.573929	1658119032.574226	35.923963	139.91141	9.483681777274164	67.44102529990042	
2022-07-18 13:37:12.573929	1658119032.574226	35.923963	139.91141	9.483681777274164	67.44102529990042	
2022-07-18 13:37:13.942761	1658119033.9429023	35.923958	139.911397	8.856949323796437	67.21691571665676	
2022-07-18 13:37:13.942761	1658119033.9429023	35.923958	139.911397	8.856949323796437	67.21691571665676	
2022-07-18 13:37:16.373996	1658119036.374137	35.923948	139.911372	8.147481867534315	87.58372010294525	
2022-07-18 13:37:16.373996	1658119036.374137	35.923948	139.911372	8.147481867534315	87.58372010294525	
2022-07-18 13:37:17.730107	1658119037.7302825	35.92394	139.911345	7.919632526949628	100.9038386481723	
2022-07-18 13:37:17.730107	1658119037.7302825	35.92394	139.911345	7.919632526949628	100.9038386481723	
2022-07-18 13:37:19.064440	1658119039.0645795	35.923933	139.911317	8.40803813897393	120.82930696212097	
2022-07-18 13:37:19.064440	1658119039.0645795	35.923933	139.911317	8.40803813897393	120.82930696212097	
2022-07-18 13:37:20.410452	1658119040.4106393	35.923928	139.911303	9.103684320056201	124.18706394415179	
2022-07-18 13:37:20.410452	1658119040.4106393	35.923928	139.911303	9.103684320056201	124.18706394415179	
2022-07-18 13:37:21.752840	1658119041.7529802	35.923927	139.91129	9.492483715347054	133.2816019821508	
2022-07-18 13:37:21.752840	1658119041.7529802	35.923927	139.91129	9.492483715347054	133.2816019821508	
2022-07-18 13:37:23.102964	1658119043.103104	35.923923	139.91126	10.996784901669535	139.84202494637697	
2022-07-18 13:37:23.102964	1658119043.103104	35.923923	139.91126	10.996784901669535	139.84202494637697	
2022-07-18 13:37:24.455090	1658119044.4552307	35.923923	139.911245	11.735259284722302	141.86953243829348	
2022-07-18 13:37:24.455090	1658119044.4552307	35.923923	139.911245	11.735259284722302	141.86953243829348	
2022-07-18 13:37:25.818568	1658119045.8188252	35.923923	139.911232	12.459128577336452	150.48493285371006	
2022-07-18 13:37:25.818568	1658119045.8188252	35.923923	139.911232	12.459128577336452	150.48493285371006	
2022-07-18 13:37:28.242373	1658119048.2425148	35.923925	139.911202	14.212030979354779	161.06146868978487	
2022-07-18 13:37:28.242373	1658119048.2425148	35.923925	139.911202	14.212030979354779	161.06146868978487	
2022-07-18 13:37:29.580102	1658119049.5802429	35.923928	139.911178	15.72273088758492	167.22468251169974	
2022-07-18 13:37:29.580102	1658119049.5802429	35.923928	139.911178	15.72273088758492	167.22468251169974	
2022-07-18 13:37:30.931845	1658119050.9319866	35.92393	139.911153	17.512534236309047	175.06027767275907	
2022-07-18 13:37:30.931845	1658119050.9319866	35.92393	139.911153	17.512534236309047	175.06027767275907	
2022-07-18 13:37:32.285523	1658119052.2856646	35.92393	139.911142	18.379730763451487	-172.1675044510862	
2022-07-18 13:37:32.285523	1658119052.2856646	35.92393	139.911142	18.379730763451487	-172.1675044510862	
2022-07-18 13:37:33.657376	1658119053.657518	35.92393	139.911132	19.178660409326593	-175.80270860500696	
2022-07-18 13:37:33.657376	1658119053.657518	35.92393	139.911132	19.178660409326593	-175.80270860500696	
2022-07-18 13:37:35.026521	1658119055.0266623	35.923928	139.911108	21.222817467904687	-160.11274221437117	
2022-07-18 13:37:35.026521	1658119055.0266623	35.923928	139.911108	21.222817467904687	-160.11274221437117	
2022-07-18 13:37:36.386532	1658119056.3866718	35.923923	139.911098	22.275466811231627	-153.21902379135454	
2022-07-18 13:37:36.386532	1658119056.3866718	35.923923	139.911098	22.275466811231627	-153.21902379135454	
2022-07-18 13:37:37.749309	1658119057.7494504	35.923918	139.91109	23.16601612925415	-154.1817983258273	
2022-07-18 13:37:37.749309	1658119057.7494504	35.923918	139.91109	23.16601612925415	-154.1817983258273	
2022-07-18 13:37:40.170918	1658119060.1711054	35.923912	139.911085	23.865090921637005	-146.4457204597374	
2022-07-18 13:37:40.170918	1658119060.1711054	35.923912	139.911085	23.865090921637005	-146.4457204597374	
2022-07-18 13:37:41.520851	1658119061.5209792	35.923887	139.911078	25.770085006586203	-111.04431213236727	
2022-07-18 13:37:41.520851	1658119061.5209792	35.923887	139.911078	25.770085006586203	-111.04431213236727	
2022-07-18 13:37:42.884647	1658119062.8847868	35.923878	139.911082	26.006682997588218	-158.41219636723554	
2022-07-18 13:37:42.884647	1658119062.8847868	35.923878	139.911082	26.006682997588218	-158.41219636723554	
2022-07-18 13:37:44.254434	1658119064.2545733	35.92387	139.911087	26.145785444941286	-145.18928072933494	
2022-07-18 13:37:44.254434	1658119064.2545733	35.92387	139.911087	26.145785444941286	-145.18928072933494	
2022-07-18 13:37:45.614490	1658119065.61463	35.923867	139.911092	25.982425436618094	-139.40031717938774	
2022-07-18 13:37:45.614490	1658119065.61463	35.923867	139.911092	25.982425436618094	-139.40031717938774	
2022-07-18 13:37:46.986729	1658119066.9868696	35.923857	139.911103	25.906049443313183	-68.3977799752384	
2022-07-18 13:37:46.986729	1658119066.9868696	35.923857	139.911103	25.906049443313183	-68.3977799752384	
2022-07-18 13:37:48.360430	1658119068.36057	35.923853	139.91111	25.725069654316673	-160.29442109867065	
2022-07-18 13:37:48.360430	1658119068.36057	35.923853	139.91111	25.725069654316673	-160.29442109867065	
2022-07-18 13:37:49.730923	1658119069.7310634	35.923853	139.911127	24.6098521303973	-117.03413454192011	
2022-07-18 13:37:49.730923	1658119069.7310634	35.923853	139.911127	24.6098521303973	-117.03413454192011	
2022-07-18 13:37:52.165908	1658119072.16605	35.923858	139.911143	23.200252200197077	-161.8562254125565	
2022-07-18 13:37:52.165908	1658119072.16605	35.923858	139.911143	23.200252200197077	-161.8562254125565	
2022-07-18 13:41:09.205099	1658119269.205239	35.92447	139.911538	54.797011155732996	-28.409859507477364	
2022-07-18 13:41:09.205099	1658119269.205239	35.92447	139.911538	54.797011155732996	-28.409859507477364	
2022-07-18 13:41:10.581661	1658119270.5819283	35.92447	139.911538	54.797011155732996	-24.649321016916957	
2022-07-18 13:41:10.581661	1658119270.5819283	35.92447	139.911538	54.797011155732996	-24.649321016916957	
2022-07-18 13:41:11.956964	1658119271.9571044	35.92447	139.911538	54.797011155732996	-19.375286282598182	
2022-07-18 13:41:11.956964	1658119271.9571044	35.92447	139.911538	54.797011155732996	-19.375286282598182	
2022-07-18 13:41:13.329347	1658119273.3294888	35.92447	139.911538	54.797011155732996	-16.941602340629203	
2022-07-18 13:41:13.329347	1658119273.3294888	35.92447	139.911538	54.797011155732996	-16.941602340629203	
2022-07-18 13:41:14.702794	1658119274.7030618	35.924463	139.911527	53.72096442354112	-18.04391498172174	
2022-07-18 13:41:14.702794	1658119274.7030618	35.924463	139.911527	53.72096442354112	-18.04391498172174	
2022-07-18 13:41:17.079814	1658119277.080083	35.924447	139.911507	51.44240440851444	-9.50834857353081	
2022-07-18 13:41:17.079814	1658119277.080083	35.924447	139.911507	51.44240440851444	-9.50834857353081	
2022-07-18 13:41:18.447004	1658119278.4471443	35.924463	139.911527	53.72096442354112	-4.47849297042643	
2022-07-18 13:41:18.447004	1658119278.4471443	35.924463	139.911527	53.72096442354112	-4.47849297042643	
2022-07-18 13:41:19.892492	1658119279.8926344	35.924438	139.911498	50.235512109120656	-7.663531307028762	
2022-07-18 13:41:19.892492	1658119279.8926344	35.924438	139.911498	50.235512109120656	-7.663531307028762	
2022-07-18 13:41:21.252290	1658119281.2524316	35.924455	139.911517	52.5787890006248	-3.2278173431777475	
2022-07-18 13:41:21.252290	1658119281.2524316	35.924455	139.911517	52.5787890006248	-3.2278173431777475	
2022-07-18 13:41:22.616724	1658119282.616865	35.92442	139.911483	47.91611306418746	9.639022842167606	
2022-07-18 13:41:22.616724	1658119282.616865	35.92442	139.911483	47.91611306418746	9.639022842167606	
2022-07-18 13:41:23.974036	1658119283.974177	35.92441	139.911478	46.72188886086539	6.687484697076769	
2022-07-18 13:41:23.974036	1658119283.974177	35.92441	139.911478	46.72188886086539	6.687484697076769	
2022-07-18 13:41:25.334090	1658119285.3342302	35.9244	139.911473	45.52785381546479	6.64671750824084	
2022-07-18 13:41:25.334090	1658119285.3342302	35.9244	139.911473	45.52785381546479	6.64671750824084	
2022-07-18 13:41:26.699643	1658119286.6997826	35.924388	139.911472	44.23203691730969	14.43863692954642	
2022-07-18 13:41:26.699643	1658119286.6997826	35.924388	139.911472	44.23203691730969	14.43863692954642	
2022-07-18 13:41:28.072091	1658119288.072232	35.9243	139.911492	35.80950945512992	25.4970349395862	
2022-07-18 13:41:28.072091	1658119288.072232	35.9243	139.911492	35.80950945512992	25.4970349395862	
2022-07-18 13:41:29.430231	1658119289.4303703	35.924292	139.911498	35.25215461646184	18.40803484607744	
2022-07-18 13:41:29.430231	1658119289.4303703	35.924292	139.911498	35.25215461646184	18.40803484607744	
2022-07-18 13:41:31.859292	1658119291.8594756	35.924282	139.911507	34.65210969877882	23.250617991395842	
2022-07-18 13:41:31.859292	1658119291.8594756	35.924282	139.911507	34.65210969877882	23.250617991395842	
2022-07-18 13:41:33.230080	1658119293.230258	35.924272	139.911513	33.95818306023657	26.91168375083015	
2022-07-18 13:41:33.230080	1658119293.230258	35.924272	139.911513	33.95818306023657	26.91168375083015	
2022-07-18 13:41:34.595298	1658119294.5954363	35.924262	139.91152	33.344066675664585	35.865380843161375	
2022-07-18 13:41:34.595298	1658119294.5954363	35.924262	139.91152	33.344066675664585	35.865380843161375	
2022-07-18 13:41:35.953939	1658119295.954078	35.924245	139.911537	32.66133858523328	22.614556707370014	
2022-07-18 13:41:35.953939	1658119295.954078	35.924245	139.911537	32.66133858523328	22.614556707370014	
2022-07-18 13:41:37.304578	1658119297.3047175	35.924262	139.91152	33.344066675664585	20.719276534784342	
2022-07-18 13:41:37.304578	1658119297.3047175	35.924262	139.91152	33.344066675664585	20.719276534784342	
2022-07-18 13:41:38.667077	1658119298.667216	35.924237	139.911545	32.39827014121939	29.251155917359995	
2022-07-18 13:41:38.667077	1658119298.667216	35.924237	139.911545	32.39827014121939	29.251155917359995	
2022-07-18 13:41:40.020325	1658119300.0204628	35.924228	139.911553	32.08954761858786	29.755027477434226	
2022-07-18 13:41:40.020325	1658119300.0204628	35.924228	139.911553	32.08954761858786	29.755027477434226	
2022-07-18 13:41:41.378805	1658119301.3789425	35.924245	139.911537	32.66133858523328	29.104895662893654	
2022-07-18 13:41:41.378805	1658119301.3789425	35.924245	139.911537	32.66133858523328	29.104895662893654	
2022-07-18 13:41:42.803207	1658119302.8033478	35.924218	139.91156	31.682852050590018	20.907462251972902	
2022-07-18 13:41:42.803207	1658119302.8033478	35.924218	139.91156	31.682852050590018	20.907462251972902	
2022-07-18 13:41:44.180192	1658119304.180373	35.924197	139.911568	30.539291768552797	40.352621964537406	
2022-07-18 13:41:44.180192	1658119304.180373	35.924197	139.911568	30.539291768552797	40.352621964537406	
2022-07-18 13:41:45.552116	1658119305.5523024	35.924135	139.911608	29.433944718878287	58.63243494324294	
2022-07-18 13:41:45.552116	1658119305.5523024	35.924135	139.911608	29.433944718878287	58.63243494324294	
2022-07-18 13:41:46.911297	1658119306.9114368	35.924123	139.911613	29.229691675686148	49.07740163232236	
2022-07-18 13:41:46.911297	1658119306.9114368	35.924123	139.911613	29.229691675686148	49.07740163232236	
2022-07-18 13:41:48.277456	1658119308.2777045	35.924113	139.911618	29.179321056310354	61.61728058321415	
2022-07-18 13:41:48.277456	1658119308.2777045	35.924113	139.911618	29.179321056310354	61.61728058321415	
2022-07-18 13:41:49.653802	1658119309.6539457	35.924103	139.911623	29.17807835190385	64.36583425127779	
2022-07-18 13:41:49.653802	1658119309.6539457	35.924103	139.911623	29.17807835190385	64.36583425127779	
2022-07-18 13:41:52.016046	1658119312.0162282	35.924093	139.911628	29.22596983337941	29.481751971891015	
2022-07-18 13:41:52.016046	1658119312.0162282	35.924093	139.911628	29.22596983337941	29.481751971891015	
2022-07-18 13:41:53.372722	1658119313.3729758	35.924083	139.911632	29.236156095648326	32.13794411681059	
2022-07-18 13:41:53.372722	1658119313.3729758	35.924083	139.911632	29.236156095648326	32.13794411681059	
2022-07-18 13:41:55.786125	1658119315.7862656	35.924093	139.911628	29.22596983337941	35.03526373381274	
2022-07-18 13:41:55.786125	1658119315.7862656	35.924093	139.911628	29.22596983337941	35.03526373381274	
2022-07-18 13:41:57.150212	1658119317.150351	35.924055	139.911643	29.49334954094518	48.01881539597855	
2022-07-18 13:41:57.150212	1658119317.150351	35.924055	139.911643	29.49334954094518	48.01881539597855	
2022-07-18 13:41:58.510754	1658119318.5108957	35.924008	139.911605	25.61309869916681	60.630338839268546	
2022-07-18 13:41:58.510754	1658119318.5108957	35.924008	139.911605	25.61309869916681	60.630338839268546	
2022-07-18 13:41:59.864488	1658119319.8646271	35.923998	139.911598	25.009428082631867	69.4481419764364	
2022-07-18 13:41:59.864488	1658119319.8646271	35.923998	139.911598	25.009428082631867	69.4481419764364	
2022-07-18 13:42:01.230809	1658119321.230938	35.923988	139.911592	24.547421886671007	67.76077547505494	
2022-07-18 13:42:01.230809	1658119321.230938	35.923988	139.911592	24.547421886671007	67.76077547505494	
2022-07-18 13:42:02.592581	1658119322.5927193	35.923977	139.911587	24.244981724535254	71.18340652135436	
2022-07-18 13:42:02.592581	1658119322.5927193	35.923977	139.911587	24.244981724535254	71.18340652135436	
2022-07-18 13:42:03.940209	1658119323.940349	35.923967	139.911583	24.076264786244277	70.08933307626751	
2022-07-18 13:42:03.940209	1658119323.940349	35.923967	139.911583	24.076264786244277	70.08933307626751	
2022-07-18 13:42:05.290149	1658119325.290288	35.923957	139.911582	24.226204741931838	74.40232927761161	
2022-07-18 13:42:05.290149	1658119325.290288	35.923957	139.911582	24.226204741931838	74.40232927761161	
2022-07-18 13:42:07.715101	1658119327.7152395	35.923945	139.91158	24.40274143551595	77.63464288652537	
2022-07-18 13:42:07.715101	1658119327.7152395	35.923945	139.91158	24.40274143551595	77.63464288652537	
2022-07-18 13:42:43.774155	1658119363.7743442	35.923858	139.911553	26.78149297678688	18.472736496642767	
2022-07-18 13:42:43.774155	1658119363.7743442	35.923858	139.911553	26.78149297678688	18.472736496642767	
2022-07-18 13:42:45.134052	1658119365.1343522	35.923858	139.911553	26.78149297678688	15.153949804821082	
2022-07-18 13:42:45.134052	1658119365.1343522	35.923858	139.911553	26.78149297678688	15.153949804821082	
2022-07-18 13:42:46.499659	1658119366.4997985	35.92386	139.91155	26.431444933262714	33.06280998528467	
2022-07-18 13:42:46.499659	1658119366.4997985	35.92386	139.91155	26.431444933262714	33.06280998528467	
2022-07-18 13:42:47.855740	1658119367.8558805	35.923867	139.911538	25.100613321231315	28.839810408325775	
2022-07-18 13:42:47.855740	1658119367.8558805	35.923867	139.911538	25.100613321231315	28.839810408325775	
2022-07-18 13:42:49.220310	1658119369.220449	35.923873	139.911527	23.909957373460575	37.121507069414236	
2022-07-18 13:42:49.220310	1658119369.220449	35.923873	139.911527	23.909957373460575	37.121507069414236	
2022-07-18 13:42:50.578711	1658119370.578852	35.923883	139.911498	21.19269786670789	35.369570373320585	
2022-07-18 13:42:50.578711	1658119370.578852	35.923883	139.911498	21.19269786670789	35.369570373320585	
2022-07-18 13:42:51.939076	1658119371.9392185	35.923887	139.911485	20.02203870239459	44.79618607121097	
2022-07-18 13:42:51.939076	1658119371.9392185	35.923887	139.911485	20.02203870239459	44.79618607121097	
2022-07-18 13:42:54.367826	1658119374.3679643	35.923892	139.911472	18.785494475086676	33.94623080065048	
2022-07-18 13:42:54.367826	1658119374.3679643	35.923892	139.911472	18.785494475086676	33.94623080065048	
2022-07-18 13:42:55.717627	1658119375.717942	35.923908	139.911415	14.018189376470838	46.55696142112396	
2022-07-18 13:42:55.717627	1658119375.717942	35.923908	139.911415	14.018189376470838	46.55696142112396	
2022-07-18 13:42:57.083838	1658119377.0839777	35.923912	139.9114	12.872480623433459	40.35796440096561	
2022-07-18 13:42:57.083838	1658119377.0839777	35.923912	139.9114	12.872480623433459	40.35796440096561	
2022-07-18 13:42:58.445480	1658119378.4456215	35.923912	139.9114	12.872480623433459	45.630060093143754	
2022-07-18 13:42:58.445480	1658119378.4456215	35.923912	139.9114	12.872480623433459	45.630060093143754	
2022-07-18 13:42:59.810681	1658119379.810821	35.923917	139.911387	11.78100573724848	54.84193128403541	
2022-07-18 13:42:59.810681	1658119379.810821	35.923917	139.911387	11.78100573724848	54.84193128403541	
2022-07-18 13:43:01.156387	1658119381.156514	35.92392	139.911372	10.85740758375346	24.582267466192263	
2022-07-18 13:43:01.156387	1658119381.156514	35.92392	139.911372	10.85740758375346	24.582267466192263	
2022-07-18 13:44:47.406430	1658119487.4066086	35.924463	139.911523	53.5972233670083	-15.398168350932735	
2022-07-18 13:44:47.406430	1658119487.4066086	35.924463	139.911523	53.5972233670083	-15.398168350932735	
2022-07-18 13:44:48.777538	1658119488.7777185	35.924465	139.911525	53.867350616885574	-9.51068776386478	
2022-07-18 13:44:48.777538	1658119488.7777185	35.924465	139.911525	53.867350616885574	-9.51068776386478	
2022-07-18 13:44:50.157199	1658119490.1573842	35.924465	139.911525	53.867350616885574	-11.679457797711592	
2022-07-18 13:44:50.157199	1658119490.1573842	35.924465	139.911525	53.867350616885574	-11.679457797711592	
2022-07-18 13:44:51.528817	1658119491.5289578	35.924465	139.911525	53.867350616885574	-17.538941120889177	
2022-07-18 13:44:51.528817	1658119491.5289578	35.924465	139.911525	53.867350616885574	-17.538941120889177	
2022-07-18 13:44:52.905355	1658119492.9054966	35.924465	139.911525	53.867350616885574	12.759144237997702	
2022-07-18 13:44:52.905355	1658119492.9054966	35.924465	139.911525	53.867350616885574	12.759144237997702	
2022-07-18 13:44:54.304103	1658119494.3042479	35.924457	139.91152	52.87909826333043	14.840307840369093	
2022-07-18 13:44:54.304103	1658119494.3042479	35.924457	139.91152	52.87909826333043	14.840307840369093	
2022-07-18 13:44:55.669287	1658119495.6694307	35.924448	139.911515	51.78668232889053	12.550748635456927	
2022-07-18 13:44:55.669287	1658119495.6694307	35.924448	139.911515	51.78668232889053	12.550748635456927	
2022-07-18 13:45:09.545237	1658119509.5453782	35.924465	139.911525	53.867350616885574	166.62449389290396	
2022-07-18 13:45:09.545237	1658119509.5453782	35.924465	139.911525	53.867350616885574	166.62449389290396	
2022-07-18 13:45:10.897636	1658119510.8977773	35.924357	139.91154	43.3991442177155	169.58892240790095	
2022-07-18 13:45:10.897636	1658119510.8977773	35.924357	139.91154	43.3991442177155	169.58892240790095	
2022-07-18 13:45:12.249925	1658119512.2500646	35.924348	139.911533	42.22257604283853	179.7021710202258	
2022-07-18 13:45:12.249925	1658119512.2500646	35.924348	139.911533	42.22257604283853	179.7021710202258	
2022-07-18 13:45:14.623886	1658119514.6240249	35.924377	139.911555	45.991651551637545	-127.84860322301702	
2022-07-18 13:45:14.623886	1658119514.6240249	35.924377	139.911555	45.991651551637545	-127.84860322301702	
2022-07-18 13:45:16.007584	1658119516.0077243	35.924367	139.911548	44.71593464735056	-86.50747235097097	
2022-07-18 13:45:16.007584	1658119516.0077243	35.924367	139.911548	44.71593464735056	-86.50747235097097	
2022-07-18 13:45:17.381644	1658119517.381783	35.924398	139.91157	48.683326755273406	-110.02302573196201	
2022-07-18 13:45:17.381644	1658119517.381783	35.924398	139.91157	48.683326755273406	-110.02302573196201	
2022-07-18 13:45:18.753303	1658119518.7540329	35.924408	139.911575	49.876085615111364	-71.75170336924973	
2022-07-18 13:45:18.753303	1658119518.7540329	35.924408	139.911575	49.876085615111364	-71.75170336924973	
2022-07-18 13:45:20.123860	1658119520.124045	35.924418	139.91158	51.06908158038494	-65.68197935203881	
2022-07-18 13:45:20.123860	1658119520.124045	35.924418	139.91158	51.06908158038494	-65.68197935203881	
2022-07-18 13:45:21.574082	1658119521.5742223	35.92443	139.911585	52.45994723704545	-63.01022066554296	
2022-07-18 13:45:21.574082	1658119521.5742223	35.92443	139.911585	52.45994723704545	-63.01022066554296	
2022-07-18 13:45:23.932350	1658119523.9324908	35.924483	139.91153	55.89922675017904	-25.67850216830024	
2022-07-18 13:45:23.932350	1658119523.9324908	35.924483	139.91153	55.89922675017904	-25.67850216830024	
2022-07-18 13:45:25.295200	1658119525.2953398	35.924483	139.911517	55.51470349677588	-17.50856468021277	
2022-07-18 13:45:25.295200	1658119525.2953398	35.924483	139.911517	55.51470349677588	-17.50856468021277	
2022-07-18 13:45:26.671584	1658119526.6717246	35.924483	139.911517	55.51470349677588	-9.173345285617188	
2022-07-18 13:45:26.671584	1658119526.6717246	35.924483	139.911517	55.51470349677588	-9.173345285617188	
2022-07-18 13:45:28.025657	1658119528.0257988	35.924482	139.911505	55.07371051276417	-7.566811030856115	
2022-07-18 13:45:28.025657	1658119528.0257988	35.924482	139.911505	55.07371051276417	-7.566811030856115	
2022-07-18 13:45:29.395693	1658119529.3958366	35.924468	139.911483	53.01358580744237	-22.465016331794487	
2022-07-18 13:45:29.395693	1658119529.3958366	35.924468	139.911483	53.01358580744237	-22.465016331794487	
2022-07-18 13:45:30.773945	1658119530.7740853	35.924462	139.911477	52.225528057603306	-40.36186942464511	
2022-07-18 13:45:30.773945	1658119530.7740853	35.924462	139.911477	52.225528057603306	-40.36186942464511	
2022-07-18 13:45:32.140350	1658119532.1404896	35.924453	139.911468	51.04768038250725	-13.002149125060612	
2022-07-18 13:45:32.140350	1658119532.1404896	35.924453	139.911468	51.04768038250725	-13.002149125060612	
2022-07-18 13:45:33.575417	1658119533.5755572	35.924468	139.911483	53.01358580744237	-7.263899289950132	
2022-07-18 13:45:33.575417	1658119533.5755572	35.924468	139.911483	53.01358580744237	-7.263899289950132	
2022-07-18 13:45:34.935645	1658119534.9357862	35.924445	139.911463	50.07374282879959	16.080533739620023	
2022-07-18 13:45:34.935645	1658119534.9357862	35.924445	139.911463	50.07374282879959	16.080533739620023	
2022-07-18 13:45:36.310477	1658119536.310619	35.924437	139.911457	49.07806602991582	0.17084796207967656	
2022-07-18 13:45:36.310477	1658119536.310619	35.924437	139.911457	49.07806602991582	0.17084796207967656	
2022-07-18 13:45:37.674059	1658119537.674241	35.924428	139.911452	47.99876583921372	0.8447679046178678	
2022-07-18 13:45:37.674059	1658119537.674241	35.924428	139.911452	47.99876583921372	0.8447679046178678	
2022-07-18 13:45:39.033948	1658119539.0340893	35.92442	139.911445	46.984650704341384	28.91081588125857	
2022-07-18 13:45:39.033948	1658119539.0340893	35.92442	139.911445	46.984650704341384	28.91081588125857	
2022-07-18 13:45:41.400224	1658119541.4003634	35.92435	139.911447	39.53510355439511	1.3880122425046864	
2022-07-18 13:45:41.400224	1658119541.4003634	35.92435	139.911447	39.53510355439511	1.3880122425046864	
2022-07-18 13:45:42.777156	1658119542.7772985	35.924338	139.91145	38.34281948884658	3.7631528051205407	
2022-07-18 13:45:42.777156	1658119542.7772985	35.924338	139.91145	38.34281948884658	3.7631528051205407	
2022-07-18 13:45:44.138892	1658119544.1390333	35.924327	139.911453	37.26710069086974	10.108845696838443	
2022-07-18 13:45:44.138892	1658119544.1390333	35.924327	139.911453	37.26710069086974	10.108845696838443	
2022-07-18 13:45:46.575201	1658119546.5753787	35.924315	139.911453	36.00776303161362	18.166380206546478	
2022-07-18 13:45:46.575201	1658119546.5753787	35.924315	139.911453	36.00776303161362	18.166380206546478	
2022-07-18 13:51:38.112852	1658119898.11299	35.924477	139.911493	54.225401404126686	9.316138170874098	
2022-07-18 13:51:38.112852	1658119898.11299	35.924477	139.911493	54.225401404126686	9.316138170874098	
2022-07-18 13:51:39.480094	1658119899.4802325	35.924477	139.911493	54.225401404126686	10.997196972487558	
2022-07-18 13:51:39.480094	1658119899.4802325	35.924477	139.911493	54.225401404126686	10.997196972487558	
2022-07-18 13:51:40.858315	1658119900.8584538	35.924477	139.911493	54.225401404126686	7.915675477988287	
2022-07-18 13:51:40.858315	1658119900.8584538	35.924477	139.911493	54.225401404126686	7.915675477988287	
2022-07-18 13:51:42.226084	1658119902.226222	35.924477	139.911493	54.225401404126686	-9.80411122868415	
2022-07-18 13:51:42.226084	1658119902.226222	35.924477	139.911493	54.225401404126686	-9.80411122868415	
2022-07-18 13:51:43.595124	1658119903.5952625	35.924465	139.911497	53.057699828036625	-19.05522452409579	
2022-07-18 13:51:43.595124	1658119903.5952625	35.924465	139.911497	53.057699828036625	-19.05522452409579	
2022-07-18 13:51:44.971577	1658119904.9717567	35.924477	139.911493	54.225401404126686	-9.377334916780143	
2022-07-18 13:51:44.971577	1658119904.9717567	35.924477	139.911493	54.225401404126686	-9.377334916780143	
2022-07-18 13:51:46.319294	1658119906.3194327	35.92445	139.9115	51.55599885622375	-1.34723676349563	
2022-07-18 13:51:46.319294	1658119906.3194327	35.92445	139.9115	51.55599885622375	-1.34723676349563	
2022-07-18 13:51:48.764113	1658119908.7642534	35.924437	139.9115	50.18805647482594	-9.62034084309488	
2022-07-18 13:51:48.764113	1658119908.7642534	35.924437	139.9115	50.18805647482594	-9.62034084309488	
2022-07-18 13:51:50.125924	1658119910.1260622	35.92441	139.911493	47.14956845579923	-15.143278704574413	
2022-07-18 13:51:50.125924	1658119910.1260622	35.92441	139.911493	47.14956845579923	-15.143278704574413	
2022-07-18 13:51:51.474044	1658119911.474184	35.924395	139.91149	45.489670685487866	-12.958797275267159	
2022-07-18 13:51:51.474044	1658119911.474184	35.924395	139.91149	45.489670685487866	-12.958797275267159	
2022-07-18 13:51:52.841175	1658119912.8413153	35.924382	139.911487	44.040432648277466	-2.9143691805105334	
2022-07-18 13:51:52.841175	1658119912.8413153	35.924382	139.911487	44.040432648277466	-2.9143691805105334	
2022-07-18 13:51:55.188943	1658119915.1892178	35.924368	139.911483	42.45720084826269	-22.4637645920171	
2022-07-18 13:51:55.188943	1658119915.1892178	35.924368	139.911483	42.45720084826269	-22.4637645920171	
2022-07-18 13:51:56.555534	1658119916.5556755	35.924322	139.911467	37.170038055751576	-27.04654882470362	
2022-07-18 13:51:56.555534	1658119916.5556755	35.924322	139.911467	37.170038055751576	-27.04654882470362	
2022-07-18 13:51:57.917127	1658119917.9172668	35.924302	139.91146	34.87149281093311	-32.406298745266156	
2022-07-18 13:51:57.917127	1658119917.9172668	35.924302	139.91146	34.87149281093311	-32.406298745266156	
2022-07-18 13:51:59.286783	1658119919.2869244	35.924282	139.911452	32.541341089545895	-36.782693703708816	
2022-07-18 13:51:59.286783	1658119919.2869244	35.924282	139.911452	32.541341089545895	-36.782693703708816	
2022-07-18 13:52:01.724872	1658119921.7250023	35.924262	139.911435	29.92331024714948	-31.683547053503105	
2022-07-18 13:52:01.724872	1658119921.7250023	35.924262	139.911435	29.92331024714948	-31.683547053503105	
2022-07-18 13:52:03.096614	1658119923.0967548	35.924262	139.911435	29.92331024714948	-11.671736931352427	
2022-07-18 13:52:03.096614	1658119923.0967548	35.924262	139.911435	29.92331024714948	-11.671736931352427	
2022-07-18 13:52:04.471240	1658119924.471426	35.924253	139.911425	28.680039185795135	-10.533845414483977	
2022-07-18 13:52:04.471240	1658119924.471426	35.924253	139.911425	28.680039185795135	-10.533845414483977	
2022-07-18 13:52:05.835084	1658119925.8352234	35.924247	139.911413	27.708791754543732	-12.683304673444468	
2022-07-18 13:52:05.835084	1658119925.8352234	35.924247	139.911413	27.708791754543732	-12.683304673444468	
2022-07-18 13:52:07.192627	1658119927.1927652	35.924227	139.911378	24.758539536664372	-2.9031653261951362	
2022-07-18 13:52:07.192627	1658119927.1927652	35.924227	139.911378	24.758539536664372	-2.9031653261951362	
2022-07-18 13:52:08.557084	1658119928.5572226	35.92422	139.911368	23.822753664666415	-2.5810886567801106	
2022-07-18 13:52:08.557084	1658119928.5572226	35.92422	139.911368	23.822753664666415	-2.5810886567801106	
2022-07-18 13:52:09.930945	1658119929.9310858	35.924212	139.911358	22.80086067927966	-15.515514415870086	
2022-07-18 13:52:09.930945	1658119929.9310858	35.924212	139.911358	22.80086067927966	-15.515514415870086	
2022-07-18 13:52:11.299093	1658119931.2992773	35.924203	139.911352	21.737521141443143	-12.896826868406947	
2022-07-18 13:52:11.299093	1658119931.2992773	35.924203	139.911352	21.737521141443143	-12.896826868406947	
2022-07-18 13:52:13.730661	1658119933.7308006	35.924143	139.911322	14.901779759082576	-26.109513042353115	
2022-07-18 13:52:13.730661	1658119933.7308006	35.924143	139.911322	14.901779759082576	-26.109513042353115	
2022-07-18 13:52:15.075405	1658119935.0755434	35.924133	139.911317	13.797236639376925	-39.3770655998311	
2022-07-18 13:52:15.075405	1658119935.0755434	35.924133	139.911317	13.797236639376925	-39.3770655998311	
2022-07-18 13:52:16.439545	1658119936.4396849	35.924115	139.911303	11.90861437665541	-27.107074377775604	
2022-07-18 13:52:16.439545	1658119936.4396849	35.924115	139.911303	11.90861437665541	-27.107074377775604	
2022-07-18 13:52:17.816408	1658119937.816591	35.924107	139.911295	11.16049369502443	-33.715175260559676	
2022-07-18 13:52:17.816408	1658119937.816591	35.924107	139.911295	11.16049369502443	-33.715175260559676	
2022-07-18 13:54:09.483152	1658120049.4833376	35.923612	139.910973	54.08351326724101	-57.768514209605996	
2022-07-18 13:54:09.483152	1658120049.4833376	35.923612	139.910973	54.08351326724101	-57.768514209605996	
2022-07-18 13:54:10.856661	1658120050.856801	35.92361	139.910973	54.26427649304588	-84.54676179209625	
2022-07-18 13:54:10.856661	1658120050.856801	35.92361	139.910973	54.26427649304588	-84.54676179209625	
2022-07-18 13:54:12.235117	1658120052.2353113	35.92361	139.910973	54.26427649304588	-54.28214170793702	
2022-07-18 13:54:12.235117	1658120052.2353113	35.92361	139.910973	54.26427649304588	-54.28214170793702	
2022-07-18 13:54:13.613006	1658120053.6131458	35.923613	139.910977	53.78393777177955	-79.41365175001567	
2022-07-18 13:54:13.613006	1658120053.6131458	35.923613	139.910977	53.78393777177955	-79.41365175001567	
2022-07-18 13:54:14.999696	1658120054.9998362	35.923615	139.910977	53.602932810112776	-79.5234017446018	
2022-07-18 13:54:14.999696	1658120054.9998362	35.923615	139.910977	53.602932810112776	-79.5234017446018	
2022-07-18 13:54:16.377014	1658120056.3771563	35.923615	139.910978	53.550681122078544	-77.5738135362454	
2022-07-18 13:54:16.377014	1658120056.3771563	35.923615	139.910978	53.550681122078544	-77.5738135362454	
2022-07-18 13:54:17.749269	1658120057.7494109	35.923615	139.910975	53.707738649905956	-84.49052460041922	
2022-07-18 13:54:17.749269	1658120057.7494109	35.923615	139.910975	53.707738649905956	-84.49052460041922	
2022-07-18 13:56:46.884754	1658120206.8848946	35.923643	139.911077	46.176092394369064	-53.8972385178878	
2022-07-18 13:56:46.884754	1658120206.8848946	35.923643	139.911077	46.176092394369064	-53.8972385178878	
2022-07-18 13:56:48.260434	1658120208.260577	35.923643	139.911075	46.26251443719882	11.777048010254372	
2022-07-18 13:56:48.260434	1658120208.260577	35.923643	139.911075	46.26251443719882	11.777048010254372	
2022-07-18 13:56:49.642055	1658120209.642195	35.923643	139.911075	46.26251443719882	170.8295774233032	
2022-07-18 13:56:49.642055	1658120209.642195	35.923643	139.911075	46.26251443719882	170.8295774233032	
2022-07-18 13:56:51.019752	1658120211.0198915	35.923643	139.911075	46.26251443719882	-64.56592684878215	
2022-07-18 13:56:51.019752	1658120211.0198915	35.923643	139.911075	46.26251443719882	-64.56592684878215	
2022-07-18 13:56:52.406884	1658120212.4071722	35.923643	139.911077	46.176092394369064	17.88846283736562	
2022-07-18 13:56:52.406884	1658120212.4071722	35.923643	139.911077	46.176092394369064	17.88846283736562	
2022-07-18 13:56:54.780117	1658120214.780256	35.923658	139.911093	44.026890088930145	103.23379599460498	
2022-07-18 13:56:54.780117	1658120214.780256	35.923658	139.911093	44.026890088930145	103.23379599460498	
2022-07-18 13:56:56.123306	1658120216.123834	35.923667	139.9111	42.8488414345854	108.94817825585395	
2022-07-18 13:56:56.123306	1658120216.123834	35.923667	139.9111	42.8488414345854	108.94817825585395	
2022-07-18 13:56:58.552456	1658120218.5525968	35.92365	139.911087	45.064793639081515	101.88029665444924	
2022-07-18 13:56:58.552456	1658120218.5525968	35.92365	139.911087	45.064793639081515	101.88029665444924	
2022-07-18 13:56:59.896495	1658120219.896636	35.923695	139.911107	39.81539914530186	112.70701479501662	
2022-07-18 13:56:59.896495	1658120219.896636	35.923695	139.911107	39.81539914530186	112.70701479501662	
2022-07-18 13:57:01.229604	1658120221.2297356	35.923695	139.911107	39.81539914530186	112.60560644159153	
2022-07-18 13:57:01.229604	1658120221.2297356	35.923695	139.911107	39.81539914530186	112.60560644159153	
2022-07-18 13:57:02.556810	1658120222.5569503	35.923748	139.911055	37.6023005341777	120.65288510861285	
2022-07-18 13:57:02.556810	1658120222.5569503	35.923748	139.911055	37.6023005341777	120.65288510861285	
2022-07-18 13:57:03.890912	1658120223.8910513	35.923755	139.911045	37.60027207438463	123.61804234756741	
2022-07-18 13:57:03.890912	1658120223.8910513	35.923755	139.911045	37.60027207438463	123.61804234756741	
2022-07-18 13:57:05.231498	1658120225.2316391	35.923762	139.911037	37.51228499220344	130.45372291250646	
2022-07-18 13:57:05.231498	1658120225.2316391	35.923762	139.911037	37.51228499220344	130.45372291250646	
2022-07-18 14:04:19.157103	1658120659.1572444	35.924927	139.911053	104.72790051419976	22.3174525848913	
2022-07-18 14:04:19.157103	1658120659.1572444	35.924927	139.911053	104.72790051419976	22.3174525848913	
2022-07-18 14:04:20.545274	1658120660.5455692	35.924927	139.911052	104.74879599613848	14.433515614840417	
2022-07-18 14:04:20.545274	1658120660.5455692	35.924927	139.911052	104.74879599613848	14.433515614840417	
2022-07-18 14:04:21.913928	1658120661.914069	35.924927	139.911052	104.74879599613848	15.316648549698101	
2022-07-18 14:04:21.913928	1658120661.914069	35.924927	139.911052	104.74879599613848	15.316648549698101	
2022-07-18 14:04:23.292342	1658120663.2924836	35.92492	139.91106	103.82712796451611	42.64265256654113	
2022-07-18 14:04:23.292342	1658120663.2924836	35.92492	139.91106	103.82712796451611	42.64265256654113	
2022-07-18 14:04:24.671767	1658120664.67191	35.924912	139.911067	102.82004752128472	26.879245411666915	
2022-07-18 14:04:24.671767	1658120664.67191	35.924912	139.911067	102.82004752128472	26.879245411666915	
2022-07-18 14:04:26.053690	1658120666.0538316	35.924903	139.911075	101.6866479767172	57.08088128045662	
2022-07-18 14:04:26.053690	1658120666.0538316	35.924903	139.911075	101.6866479767172	57.08088128045662	
2022-07-18 14:04:27.426245	1658120667.4263852	35.924898	139.911085	100.95091981334355	51.351142637933634	
2022-07-18 14:04:27.426245	1658120667.4263852	35.924898	139.911085	100.95091981334355	51.351142637933634	
2022-07-18 14:04:29.868317	1658120669.868588	35.924903	139.911075	101.6866479767172	54.039601873031955	
2022-07-18 14:04:29.868317	1658120669.868588	35.924903	139.911075	101.6866479767172	54.039601873031955	
2022-07-18 14:04:31.240341	1658120671.2405987	35.924898	139.911103	100.6204189097307	61.07448396094439	
2022-07-18 14:04:31.240341	1658120671.2405987	35.924898	139.911103	100.6204189097307	61.07448396094439	
2022-07-18 14:04:32.611689	1658120672.611829	35.9249	139.91111	100.71658509579757	68.29431732404426	
2022-07-18 14:04:32.611689	1658120672.611829	35.9249	139.91111	100.71658509579757	68.29431732404426	
2022-07-18 14:04:34.976138	1658120674.9762793	35.9249	139.911112	100.6825814391465	67.59339058691313	
2022-07-18 14:04:34.976138	1658120674.9762793	35.9249	139.911112	100.6825814391465	67.59339058691313	
2022-07-18 14:04:36.348511	1658120676.3486507	35.924902	139.911112	100.90056850023976	58.031023761219316	
2022-07-18 14:04:36.348511	1658120676.3486507	35.924902	139.911112	100.90056850023976	58.031023761219316	
2022-07-18 14:04:37.720982	1658120677.7211242	35.924902	139.911112	100.90056850023976	50.10252110902937	
2022-07-18 14:04:37.720982	1658120677.7211242	35.924902	139.911112	100.90056850023976	50.10252110902937	
2022-07-18 14:04:39.094787	1658120679.0949295	35.924902	139.911113	100.88372021602926	60.67247979548188	
2022-07-18 14:04:39.094787	1658120679.0949295	35.924902	139.911113	100.88372021602926	60.67247979548188	
2022-07-18 14:04:40.463899	1658120680.4640417	35.924902	139.911112	100.90056850023976	60.32326630667404	
2022-07-18 14:04:40.463899	1658120680.4640417	35.924902	139.911112	100.90056850023976	60.32326630667404	
2022-07-18 14:04:41.911731	1658120681.9119067	35.924902	139.911113	100.88372021602926	69.5769172894512	
2022-07-18 14:04:41.911731	1658120681.9119067	35.924902	139.911113	100.88372021602926	69.5769172894512	
2022-07-18 14:04:44.276139	1658120684.2762816	35.924902	139.911112	100.90056850023976	66.85584387952997	
2022-07-18 14:04:44.276139	1658120684.2762816	35.924902	139.911112	100.90056850023976	66.85584387952997	
2022-07-18 14:04:45.629020	1658120685.6291602	35.924902	139.911112	100.90056850023976	62.3635524541277	
2022-07-18 14:04:45.629020	1658120685.6291602	35.924902	139.911112	100.90056850023976	62.3635524541277	
2022-07-18 14:04:47.006659	1658120687.006801	35.924902	139.911113	100.88372021602926	65.2811247317421	
2022-07-18 14:04:47.006659	1658120687.006801	35.924902	139.911113	100.88372021602926	65.2811247317421	
2022-07-18 14:04:48.377141	1658120688.377281	35.924902	139.911112	100.90056850023976	62.06293086605358	
2022-07-18 14:04:48.377141	1658120688.377281	35.924902	139.911112	100.90056850023976	62.06293086605358	
2022-07-18 14:04:49.744471	1658120689.7446113	35.924902	139.911112	100.90056850023976	61.446603753526546	
2022-07-18 14:04:49.744471	1658120689.7446113	35.924902	139.911112	100.90056850023976	61.446603753526546	
2022-07-18 14:04:51.124328	1658120691.1244717	35.924902	139.911112	100.90056850023976	61.65508055446472	
2022-07-18 14:04:51.124328	1658120691.1244717	35.924902	139.911112	100.90056850023976	61.65508055446472	
2022-07-18 14:04:52.509298	1658120692.5094385	35.924902	139.911112	100.90056850023976	62.03181158993566	
2022-07-18 14:04:52.509298	1658120692.5094385	35.924902	139.911112	100.90056850023976	62.03181158993566	
2022-07-18 14:05:46.536205	1658120746.5363898	35.92491	139.911005	103.9979476983726	4.433286760679437	
2022-07-18 14:05:46.536205	1658120746.5363898	35.92491	139.911005	103.9979476983726	4.433286760679437	
2022-07-18 14:05:47.914264	1658120747.9144075	35.92491	139.911003	104.04762125326081	-0.4239076184714179	
2022-07-18 14:05:47.914264	1658120747.9144075	35.92491	139.911003	104.04762125326081	-0.4239076184714179	
2022-07-18 14:05:49.269729	1658120749.269861	35.92491	139.911005	103.9979476983726	3.768770379765442	
2022-07-18 14:05:49.269729	1658120749.269861	35.92491	139.911005	103.9979476983726	3.768770379765442	
2022-07-18 14:05:50.646615	1658120750.6467571	35.92491	139.911003	104.04762125326081	10.181128154665345	
2022-07-18 14:05:50.646615	1658120750.6467571	35.92491	139.911003	104.04762125326081	10.181128154665345	
2022-07-18 14:05:52.013919	1658120752.014062	35.924912	139.911007	104.1620799199581	22.240636374063854	
2022-07-18 14:05:52.013919	1658120752.014062	35.924912	139.911007	104.1620799199581	22.240636374063854	
2022-07-18 14:05:54.396571	1658120754.3968399	35.924912	139.911007	104.1620799199581	13.280014139189774	
2022-07-18 14:05:54.396571	1658120754.3968399	35.924912	139.911007	104.1620799199581	13.280014139189774	
2022-07-18 14:05:55.774017	1658120755.7741582	35.92487	139.911035	98.99677197465085	19.867755203920325	
2022-07-18 14:05:55.774017	1658120755.7741582	35.92487	139.911035	98.99677197465085	19.867755203920325	
2022-07-18 14:05:58.216809	1658120758.2169528	35.924865	139.911038	98.39062805594088	5.446909114517609	
2022-07-18 14:05:58.216809	1658120758.2169528	35.924865	139.911038	98.39062805594088	5.446909114517609	
2022-07-18 14:05:59.591749	1658120759.5918894	35.924858	139.911043	97.52364949540139	11.830699286484588	
2022-07-18 14:05:59.591749	1658120759.5918894	35.924858	139.911043	97.52364949540139	11.830699286484588	
2022-07-18 14:06:00.967648	1658120760.9678762	35.924852	139.91105	96.71869855988888	26.370758775334053	
2022-07-18 14:06:00.967648	1658120760.9678762	35.924852	139.91105	96.71869855988888	26.370758775334053	
2022-07-18 14:06:02.347672	1658120762.3479447	35.924843	139.911057	95.59338675537988	20.34341096063892	
2022-07-18 14:06:02.347672	1658120762.3479447	35.924843	139.911057	95.59338675537988	20.34341096063892	
2022-07-18 14:06:03.730324	1658120763.7304642	35.924837	139.911065	94.77009489098766	23.69134627445038	
2022-07-18 14:06:03.730324	1658120763.7304642	35.924837	139.911065	94.77009489098766	23.69134627445038	
2022-07-18 14:06:05.102925	1658120765.1030662	35.924822	139.91108	92.8301705374757	37.97941650553298	
2022-07-18 14:06:05.102925	1658120765.1030662	35.924822	139.91108	92.8301705374757	37.97941650553298	
2022-07-18 14:06:06.475187	1658120766.4753287	35.924837	139.911065	94.77009489098766	31.410537037442907	
2022-07-18 14:06:06.475187	1658120766.4753287	35.924837	139.911065	94.77009489098766	31.410537037442907	
2022-07-18 14:06:07.832480	1658120767.8326213	35.924813	139.911087	91.71204193775378	27.577146443961368	
2022-07-18 14:06:07.832480	1658120767.8326213	35.924813	139.911087	91.71204193775378	27.577146443961368	
2022-07-18 14:06:11.262898	1658120771.26304	35.924807	139.911097	90.85911437999951	27.706661295262506	
2022-07-18 14:06:11.262898	1658120771.26304	35.924807	139.911097	90.85911437999951	27.706661295262506	
2022-07-18 14:06:12.623865	1658120772.6240072	35.924767	139.911195	84.90651985853793	38.18335392566124	
2022-07-18 14:06:12.623865	1658120772.6240072	35.924767	139.911195	84.90651985853793	38.18335392566124	
2022-07-18 14:06:13.986843	1658120773.9870353	35.924762	139.911205	84.23967376468654	14.944961752183758	
2022-07-18 14:06:13.986843	1658120773.9870353	35.924762	139.911205	84.23967376468654	14.944961752183758	
2022-07-18 14:06:15.351587	1658120775.3517272	35.924795	139.911117	89.17109965000019	20.94428210622894	
2022-07-18 14:06:15.351587	1658120775.3517272	35.924795	139.911117	89.17109965000019	20.94428210622894	
2022-07-18 14:06:16.724247	1658120776.7243853	35.924758	139.911217	83.67068275575377	16.892860731714848	
2022-07-18 14:06:16.724247	1658120776.7243853	35.924758	139.911217	83.67068275575377	16.892860731714848	
2022-07-18 14:06:18.085072	1658120778.0852137	35.924795	139.911117	89.17109965000019	7.003367255295132	
2022-07-18 14:06:18.085072	1658120778.0852137	35.924795	139.911117	89.17109965000019	7.003367255295132	
2022-07-18 14:06:19.455559	1658120779.4556994	35.92475	139.911237	82.60314482380792	13.082451097308365	
2022-07-18 14:06:19.455559	1658120779.4556994	35.92475	139.911237	82.60314482380792	13.082451097308365	
2022-07-18 14:06:20.814439	1658120780.8145802	35.924753	139.911228	83.01297574159442	19.902366465570452	
2022-07-18 14:06:20.814439	1658120780.8145802	35.924753	139.911228	83.01297574159442	19.902366465570452	
2022-07-18 14:06:23.255601	1658120783.255741	35.92474	139.911253	81.37639883693475	4.5428420150930435	
2022-07-18 14:06:23.255601	1658120783.255741	35.92474	139.911253	81.37639883693475	4.5428420150930435	
2022-07-18 14:06:24.630455	1658120784.6305962	35.924723	139.911265	79.41913906808927	-3.0105925080080738	
2022-07-18 14:06:24.630455	1658120784.6305962	35.924723	139.911265	79.41913906808927	-3.0105925080080738	
2022-07-18 14:06:25.999207	1658120785.9993498	35.924717	139.91127	78.72699015216185	19.914094223825003	
2022-07-18 14:06:25.999207	1658120785.9993498	35.924717	139.91127	78.72699015216185	19.914094223825003	
2022-07-18 14:06:27.352577	1658120787.3527176	35.924713	139.911275	78.25859028949942	8.03527618373468	
2022-07-18 14:06:27.352577	1658120787.3527176	35.924713	139.911275	78.25859028949942	8.03527618373468	
2022-07-18 14:06:28.722627	1658120788.72277	35.924732	139.91126	80.44546623341355	6.929582565509378	
2022-07-18 14:06:28.722627	1658120788.72277	35.924732	139.91126	80.44546623341355	6.929582565509378	
2022-07-18 14:06:30.082859	1658120790.0829988	35.924703	139.91128	77.12754174562632	-18.897691089125203	
2022-07-18 14:06:30.082859	1658120790.0829988	35.924703	139.91128	77.12754174562632	-18.897691089125203	
2022-07-18 14:06:31.454207	1658120791.454351	35.924697	139.911282	76.45401204101857	-19.438319334943287	
2022-07-18 14:06:31.454207	1658120791.454351	35.924697	139.911282	76.45401204101857	-19.438319334943287	
2022-07-18 14:06:32.821607	1658120792.8217485	35.924635	139.91131	69.5000946247514	6.713194186807442	
2022-07-18 14:06:32.821607	1658120792.8217485	35.924635	139.91131	69.5000946247514	6.713194186807442	
2022-07-18 14:06:36.256638	1658120796.2567806	35.924615	139.911303	67.29364093151132	8.836146931040275	
2022-07-18 14:06:36.256638	1658120796.2567806	35.924615	139.911303	67.29364093151132	8.836146931040275	
2022-07-18 14:06:37.634527	1658120797.6346684	35.924615	139.911303	67.29364093151132	0.881829492298948	
2022-07-18 14:06:37.634527	1658120797.6346684	35.924615	139.911303	67.29364093151132	0.881829492298948	
2022-07-18 14:06:38.985389	1658120798.9855304	35.924597	139.911308	65.28722464371069	7.533526625430937	
2022-07-18 14:06:38.985389	1658120798.9855304	35.924597	139.911308	65.28722464371069	7.533526625430937	
2022-07-18 14:06:40.341309	1658120800.3414514	35.924585	139.911312	63.950253951462116	1.7957608201442952	
2022-07-18 14:06:40.341309	1658120800.3414514	35.924585	139.911312	63.950253951462116	1.7957608201442952	
2022-07-18 14:06:41.701707	1658120801.7018507	35.924575	139.911318	62.835951327770154	7.113389192744734	
2022-07-18 14:06:41.701707	1658120801.7018507	35.924575	139.911318	62.835951327770154	7.113389192744734	
2022-07-18 14:06:43.069875	1658120803.0700212	35.924563	139.911323	61.5040109591502	19.377015481442186	
2022-07-18 14:06:43.069875	1658120803.0700212	35.924563	139.911323	61.5040109591502	19.377015481442186	
2022-07-18 14:06:44.432720	1658120804.43286	35.924553	139.911327	60.39648875012021	10.373182065292582	
2022-07-18 14:06:44.432720	1658120804.43286	35.924553	139.911327	60.39648875012021	10.373182065292582	
2022-07-18 14:09:21.335095	1658120961.335238	35.925202	139.911085	134.1107099156143	17.852521586231177	
2022-07-18 14:09:21.335095	1658120961.335238	35.925202	139.911085	134.1107099156143	17.852521586231177	
2022-07-18 14:09:22.707664	1658120962.7079713	35.925202	139.911085	134.1107099156143	27.35040488650563	
2022-07-18 14:09:22.707664	1658120962.7079713	35.925202	139.911085	134.1107099156143	27.35040488650563	
2022-07-18 14:09:24.074276	1658120964.0744174	35.925198	139.911083	133.70144385176346	-9.767251257821869	
2022-07-18 14:09:24.074276	1658120964.0744174	35.925198	139.911083	133.70144385176346	-9.767251257821869	
2022-07-18 14:09:25.433966	1658120965.434107	35.925192	139.911095	132.8737107188784	-15.085016102688115	
2022-07-18 14:09:25.433966	1658120965.434107	35.925192	139.911095	132.8737107188784	-15.085016102688115	
2022-07-18 14:09:26.802378	1658120966.8025172	35.925187	139.911102	132.22954813459748	-34.32059603389351	
2022-07-18 14:09:26.802378	1658120966.8025172	35.925187	139.911102	132.22954813459748	-34.32059603389351	
2022-07-18 14:09:28.185190	1658120968.1853313	35.925187	139.911102	132.22954813459748	-26.370938766983016	
2022-07-18 14:09:28.185190	1658120968.1853313	35.925187	139.911102	132.22954813459748	-26.370938766983016	
2022-07-18 14:09:29.558143	1658120969.5582836	35.925177	139.911098	131.18751076448868	-17.34301650363551	
2022-07-18 14:09:29.558143	1658120969.5582836	35.925177	139.911098	131.18751076448868	-17.34301650363551	
2022-07-18 14:09:31.994245	1658120971.994384	35.925172	139.911098	130.63932975624644	-18.689364936284164	
2022-07-18 14:09:31.994245	1658120971.994384	35.925172	139.911098	130.63932975624644	-18.689364936284164	
2022-07-18 14:09:33.380535	1658120973.3806753	35.925165	139.911098	129.8719706118032	-22.152845189714128	
2022-07-18 14:09:33.380535	1658120973.3806753	35.925165	139.911098	129.8719706118032	-22.152845189714128	
2022-07-18 14:09:34.756822	1658120974.756965	35.925163	139.911098	129.65274558078858	-14.877049018435486	
2022-07-18 14:09:34.756822	1658120974.756965	35.925163	139.911098	129.65274558078858	-14.877049018435486	
2022-07-18 14:09:36.139135	1658120976.13932	35.925163	139.9111	129.62482475544934	-23.245166808308	
2022-07-18 14:09:36.139135	1658120976.13932	35.925163	139.9111	129.62482475544934	-23.245166808308	
2022-07-18 14:09:38.496662	1658120978.4968038	35.925163	139.911102	129.59714930809665	-34.25428326769412	
2022-07-18 14:09:38.496662	1658120978.4968038	35.925163	139.911102	129.59714930809665	-34.25428326769412	
2022-07-18 14:09:39.868702	1658120979.868842	35.925163	139.911103	129.58340365074605	-30.706874591188694	
2022-07-18 14:09:39.868702	1658120979.868842	35.925163	139.911103	129.58340365074605	-30.706874591188694	
2022-07-18 14:09:41.248235	1658120981.2483766	35.925162	139.911112	129.35268787923667	74.30445097958915	
2022-07-18 14:09:41.248235	1658120981.2483766	35.925162	139.911112	129.35268787923667	74.30445097958915	
2022-07-18 14:09:42.603404	1658120982.604037	35.925162	139.911112	129.35268787923667	-28.23584695090699	
2022-07-18 14:09:42.603404	1658120982.604037	35.925162	139.911112	129.35268787923667	-28.23584695090699	
2022-07-18 14:09:45.026679	1658120985.0268185	35.925162	139.911112	129.35268787923667	-18.893196895700896	
2022-07-18 14:09:45.026679	1658120985.0268185	35.925162	139.911112	129.35268787923667	-18.893196895700896	
2022-07-18 14:09:47.388379	1658120987.38852	35.925162	139.911112	129.35268787923667	-27.02746145489533	
2022-07-18 14:09:47.388379	1658120987.38852	35.925162	139.911112	129.35268787923667	-27.02746145489533	
2022-07-18 14:09:48.755112	1658120988.7552543	35.925162	139.911112	129.35268787923667	-15.31240984015463	
2022-07-18 14:09:48.755112	1658120988.7552543	35.925162	139.911112	129.35268787923667	-15.31240984015463	
2022-07-18 14:09:50.113969	1658120990.1141114	35.925162	139.911112	129.35268787923667	-24.54825607048005	
2022-07-18 14:09:50.113969	1658120990.1141114	35.925162	139.911112	129.35268787923667	-24.54825607048005	
2022-07-18 14:09:51.472842	1658120991.4729815	35.925162	139.911112	129.35268787923667	-30.477126119301147	
2022-07-18 14:09:51.472842	1658120991.4729815	35.925162	139.911112	129.35268787923667	-30.477126119301147	
2022-07-18 14:09:52.834003	1658120992.8343205	35.925162	139.911112	129.35268787923667	-32.16522538881364	
2022-07-18 14:09:52.834003	1658120992.8343205	35.925162	139.911112	129.35268787923667	-32.16522538881364	
2022-07-18 14:09:54.200954	1658120994.2010968	35.925162	139.911112	129.35268787923667	-29.124765069531804	
2022-07-18 14:09:54.200954	1658120994.2010968	35.925162	139.911112	129.35268787923667	-29.124765069531804	
2022-07-18 14:09:55.564886	1658120995.5651867	35.925162	139.911112	129.35268787923667	-26.58192227710026	
2022-07-18 14:09:55.564886	1658120995.5651867	35.925162	139.911112	129.35268787923667	-26.58192227710026	
